1001030720907 1010030907207
1001130821907 1010131908207
1001230922907 1010232909207
1002031730907 1011040917207
1002080120907 1012090800207
1002131831907 1011141918207
1002180327907 1013092870207
1002231932907 1011242919207
1003032740907 1012050927207
1003071121907 1013091701207
1003132841907 1012151928207
1003232942907 1012252929207
1004033750907 1013060937207
1004062122907 1014092602207
1004133851907 1013161938207
1004233952907 1013262939207
1005034760907 1014070947207
1005053123907 1015093503207
1005134861907 1014171948207
1005234962907 1014272949207
1006035770907 1015080957207
1006044124907 1016094404207
1006135871907 1015181958207
1006235972907 1015282959207
1007035125907 1017095305207
1007036780907 1016090967207
1007136881907 1016191968207
1007236982907 1016292969207
1008026126907 1018096206207
1009017127907 1019097107207
1012171308207 1013082171207
1025172609507 1026095172507
1030274329807 1041492782107
1031080413807 1041380803107
1032071414807 1042381704107
1033062415807 1043382605107
1034053416807 1044383506107
1035044417807 1045384407107
1036035418807 1046385308107
1037026419807 1047386209107
1060001000707 1070601000007
1060080706707 1070670806007
1060100080707 1070806010007
1060110787707 1071876710007
1060177076707 1070767176007
1061002778707 1072778601007
1061071707707 1071671707007
1061108771707 1071718671007
1061170780707 1070816717007
1062062708707 1072672608007
1062168701707 1071612678007
1063053709707 1073673509007
1105480647537 1106475480537
1110033702837 1120013926137
1110133803837 1120114927137
1110233904837 1120215928137
1110249123837 1121239480137
1110390223837 1121482910137
1110480314837 1121573901137
1110525750837 1120519474137
1111034712837 1121023936137
1111134813837 1121124937137
1111234914837 1121225938137
1111249224837 1122249481137
1111291133837 1122392820137
1111381224837 1122483811137
1111471315837 1122574802137
1111625861837 1121629485137
1112035722837 1122033946137
1112135823837 1122134947137
1112235924837 1122235948137
1112249325837 1123259482137
1112282134837 1123393721137
1112372225837 1123484712137
1112462316837 1123575703137
1112492594837 1122594948137
1112725972837 1122739496137
1113036732837 1123043956137
1113136833837 1123144957137
1113236934837 1123245958137
1113249426837 1124269483137
1113273135837 1124394622137
1113363226837 1124485613137
1113453317837 1124576604137
1113701124837 1124837011137
1113812494837 1124948381137
1114037742837 1124053966137
1114137843837 1124154967137
1114237944837 1124255968137
1114249527837 1125279484137
1114264136837 1125395523137
1114354227837 1125486514137
1114444318837 1125577505137
1114814824837 1124848148137
1115038752837 1125063976137
1115138853837 1125164977137
1115238954837 1125265978137
1115249628837 1126289485137
1115255137837 1126396424137
1115345228837 1126487415137
1115435319837 1126578406137
1116039762837 1126073986137
1116139863837 1126174987137
1116148262837 1126284816137
1116239964837 1126275988137
1116246138837 1127397325137
1116249729837 1127299486137
1116336229837 1127488316137
1117237139837 1128398226137
1118481948837 1119488481837
1121482249137 1122491482137
1140291426737 1151682823037
1140371150737 1150737114037
1140381517737 1151773814037
1140471608737 1151864805037
1140485187737 1151877484037
1141192336737 1152592733037
1141282427737 1152683724037
1141372518737 1152774715037
1141462609737 1152865706037
1142183337737 1153593634037
1142273428737 1153684625037
1142363519737 1153775616037
1143174338737 1154594535037
1143264429737 1154685526037
1144165339737 1155595436037
1146005813737 1157361480037
1147004914737 1158370481037
1148048584737 1158474848037
1205790687567 1206875790567
1210137705867 1221017956167
1210141581867 1220032759167
1210237806867 1221118957167
1210289226867 1222269880167
1210337907867 1221219958167
1210691236867 1222785920167
1210781327867 1222876911167
1210871418867 1222967902167
1211132580867 1221031858167
1211138715867 1222027966167
1211238816867 1222128967167
1211242691867 1221142869167
1211289327867 1223279881167
1211338917867 1222229968167
1211592146867 1223695830167
1211682237867 1223786821167
1211772328867 1223877812167
1211862419867 1223968803167
1212139725867 1223037976167
1212179231867 1223187912167
1212233690867 1222141968167
1212239826867 1223138977167
1212289428867 1224289882167
1212339927867 1223239978167
1212583147867 1224696731167
1212673238867 1224787722167
1212763329867 1224878713167
1212772740867 1222696318167
1213289529867 1225299883167
1213574148867 1225697632167
1213664239867 1225788623167
1214565149867 1226698533167
1216511120867 1227570201167
1216610121867 1227670102167
1216701228867 1228867012167
1216703611867 1226550059167
1216822898867 1228988682167
1217612092867 1228780703167
1217815721867 1227671169167
1217917928867 1228879179167
1218791988867 1219888791867
1218816620867 1228680168167
1218927831867 1228792279167
1221792289167 1222891792167
1240592439767 1252985833067
1241071761767 1251215749067
1241493349767 1253895743067
1242062760767 1252214848067
1242172871767 1252325859067
1243163870767 1253324958067
1243273981767 1253435969067
1244079553767 1255377944067
1245211510767 1256531501067
1245310511767 1256631402067
1246201520767 1257530511067
1246300521767 1257630412067
1246351095767 1257783316067
1286109746967 1298853690267
1287108847967 1299862691267
1300194422997 1443199920027
1300284432997 1443299830027
1300374442997 1443399740027
1300464452997 1443499650027
1300535602997 1442006897027
1300544703997 1442016988027
1300554462997 1443599560027
1300635713997 1442117898027
1300644472997 1443699470027
1300644814997 1442127989027
1300734482997 1443799380027
1300735824997 1442228899027
1300824492997 1443899290027
1301184532997 1444298930027
1301274542997 1444398840027
1301317145997 1430005985727
1301327156997 1430016986727
1301337167997 1430027987727
1301347178997 1430038988727
1301357189997 1430049989727
1301364552997 1444498750027
1301407244997 1430104994727
1301417255997 1430115995727
1301427266997 1430126996727
1301437277997 1430137997727
1301445702997 1443015997027
1301447288997 1430148998727
1301454562997 1444598660027
1301457299997 1430159999727
1301544572997 1444698570027
1301545813997 1443126998027
1301634582997 1444798480027
1301645924997 1443237999027
1301724592997 1444898390027
1302174642997 1445397940027
1302264652997 1445497850027
1302354662997 1445597760027
1302444672997 1445697670027
1302534682997 1445797580027
1302624692997 1445897490027
1302701445997 1445997013027
1302983159997 1315999830297
1303164752997 1446496950027
1303254762997 1446596860027
1303344772997 1446696770027
1303434782997 1446796680027
1303524792997 1446896590027
1304154862997 1447595960027
1304244872997 1447695870027
1304334629997 1433205899727
1304334882997 1447795780027
1304424892997 1447895690027
1305014229997 1449869200027
1305144972997 1448694970027
1305234982997 1448794880027
1305324992997 1448894790027
1307271437997 1437997130727
1310155810297 1441025980027
1310156711297 1441026971027
1310157612297 1441027962027
1310158513297 1441028953027
1310159414297 1441029944027
1310164820297 1441035890027
1310165721297 1441036881027
1310166622297 1441037872027
1310167523297 1441038863027
1310168424297 1441039854027
1310174731297 1441046791027
1310175632297 1441047782027
1310176533297 1441048773027
1310177434297 1441049764027
1310184642297 1441057692027
1310185543297 1441058683027
1310186444297 1441059674027
1310194553297 1441068593027
1310195454297 1441069584027
1310254920297 1441134990027
1310255821297 1441135981027
1310256722297 1441136972027
1310257623297 1441137963027
1310258524297 1441138954027
1310259425297 1441139945027
1310264831297 1441145891027
1310265732297 1441146882027
1310266633297 1441147873027
1310267534297 1441148864027
1310268435297 1441149855027
1310271441297 1441297131027
1310274742297 1441156792027
1310275643297 1441157783027
1310276544297 1441158774027
1310277445297 1441159765027
1310284653297 1441167693027
1310285554297 1441168684027
1310286455297 1441169675027
1310294564297 1441178594027
1310295465297 1441179585027
1310354931297 1441244991027
1310355832297 1441245982027
1310356733297 1441246973027
1310357634297 1441247964027
1310358535297 1441248955027
1310359436297 1441249946027
1310364842297 1441255892027
1310365743297 1441256883027
1310366644297 1441257874027
1310367545297 1441258865027
1310368446297 1441259856027
1310374753297 1441266793027
1310375654297 1441267784027
1310376555297 1441268775027
1310377456297 1441269766027
1310384664297 1441277694027
1310385565297 1441278685027
1310386466297 1441279676027
1310394575297 1441288595027
1310395476297 1441289586027
1310440170297 1440031197027
1310450181297 1440042198027
1310454942297 1441354992027
1310455843297 1441355983027
1310456744297 1441356974027
1310457645297 1441357965027
1310458546297 1441358956027
1310459447297 1441359947027
1310460192297 1440053199027
1310464853297 1441365893027
1310465754297 1441366884027
1310466655297 1441367875027
1310467556297 1441368866027
1310468457297 1441369857027
1310474764297 1441376794027
1310475665297 1441377785027
1310476566297 1441378776027
1310477467297 1441379767027
1310484675297 1441387695027
1310485576297 1441388686027
1310486477297 1441389677027
1310494586297 1441398596027
1310495487297 1441399587027
1310554953297 1441464993027
1310555854297 1441465984027
1310556755297 1441466975027
1310557656297 1441467966027
1310558557297 1441468957027
1310559458297 1441469948027
1310564864297 1441475894027
1310565765297 1441476885027
1310566666297 1441477876027
1310567567297 1441478867027
1310568468297 1441479858027
1310574775297 1441486795027
1310575676297 1441487786027
1310576577297 1441488777027
1310577478297 1441489768027
1310584686297 1441497696027
1310585587297 1441498687027
1310586488297 1441499678027
1310654964297 1441574994027
1310655865297 1441575985027
1310656766297 1441576976027
1310657667297 1441577967027
1310658568297 1441578958027
1310659469297 1441579949027
1310664875297 1441585895027
1310665776297 1441586886027
1310666677297 1441587877027
1310667578297 1441588868027
1310668479297 1441589859027
1310674786297 1441596796027
1310675687297 1441597787027
1310676588297 1441598778027
1310677489297 1441599769027
1310754975297 1441684995027
1310755876297 1441685986027
1310756777297 1441686977027
1310757678297 1441687968027
1310758579297 1441688959027
1310764886297 1441695896027
1310765787297 1441696887027
1310766688297 1441697878027
1310767589297 1441698869027
1310854986297 1441794996027
1310855887297 1441795987027
1310856788297 1441796978027
1310857689297 1441797969027
1311056810297 1442016980027
1311057711297 1442017971027
1311058612297 1442018962027
1311059513297 1442019953027
1311065820297 1442026890027
1311066721297 1442027881027
1311067622297 1442028872027
1311068523297 1442029863027
1311075731297 1442037791027
1311076632297 1442038782027
1311077533297 1442039773027
1311085642297 1442048692027
1311086543297 1442049683027
1311095553297 1442059593027
1311155920297 1442125990027
1311156821297 1442126981027
1311157722297 1442127972027
1311158623297 1442128963027
1311159524297 1442129954027
1311165831297 1442136891027
1311166732297 1442137882027
1311167633297 1442138873027
1311168534297 1442139864027
1311175742297 1442147792027
1311176643297 1442148783027
1311177544297 1442149774027
1311185653297 1442158693027
1311186554297 1442159684027
1311195564297 1442169594027
1311255931297 1442235991027
1311256832297 1442236982027
1311257733297 1442237973027
1311258634297 1442238964027
1311259535297 1442239955027
1311265842297 1442246892027
1311266743297 1442247883027
1311267644297 1442248874027
1311268545297 1442249865027
1311275753297 1442257793027
1311276654297 1442258784027
1311277555297 1442259775027
1311285664297 1442268694027
1311286565297 1442269685027
1311295575297 1442279595027
1311341160297 1441021287027
1311351171297 1441032288027
1311355942297 1442345992027
1311356843297 1442346983027
1311357744297 1442347974027
1311358645297 1442348965027
1311359546297 1442349956027
1311361182297 1441043289027
1311365853297 1442356893027
1311366754297 1442357884027
1311367655297 1442358875027
1311368556297 1442359866027
1311375764297 1442367794027
1311376665297 1442368785027
1311377566297 1442369776027
1311385675297 1442378695027
1311386576297 1442379686027
1311395586297 1442389596027
1311441270297 1441131297027
1311451281297 1441142298027
1311455953297 1442455993027
1311456854297 1442456984027
1311457755297 1442457975027
1311458656297 1442458966027
1311459557297 1442459957027
1311461292297 1441153299027
1311465864297 1442466894027
1311466765297 1442467885027
1311467666297 1442468876027
1311468567297 1442469867027
1311475775297 1442477795027
1311476676297 1442478786027
1311477577297 1442479777027
1311485686297 1442488696027
1311486587297 1442489687027
1311495597297 1442499597027
1311555964297 1442565994027
1311556865297 1442566985027
1311557766297 1442567976027
1311558667297 1442568967027
1311559568297 1442569958027
1311565875297 1442576895027
1311566776297 1442577886027
1311567677297 1442578877027
1311568578297 1442579868027
1311575786297 1442587796027
1311576687297 1442588787027
1311577588297 1442589778027
1311585697297 1442598697027
1311586598297 1442599688027
1311655975297 1442675995027
1311656876297 1442676986027
1311657777297 1442677977027
1311658678297 1442678968027
1311659579297 1442679959027
1311665886297 1442686896027
1311666787297 1442687887027
1311667688297 1442688878027
1311668589297 1442689869027
1311675797297 1442697797027
1311676698297 1442698788027
1311677599297 1442699779027
1311755986297 1442785996027
1311756887297 1442786987027
1311757788297 1442787978027
1311758689297 1442788969027
1311765897297 1442796897027
1311766798297 1442797888027
1311767699297 1442798879027
1311855997297 1442895997027
1311856898297 1442896988027
1311857799297 1442897979027
1312034606297 1430104861727
1312056920297 1443116990027
1312057821297 1443117981027
1312058722297 1443118972027
1312059623297 1443119963027
1312066831297 1443127891027
1312067732297 1443128882027
1312068633297 1443129873027
1312076742297 1443138792027
1312077643297 1443139783027
1312086653297 1443149693027
1312135617297 1430214962727
1312156931297 1443226991027
1312157832297 1443227982027
1312158733297 1443228973027
1312159634297 1443229964027
1312166842297 1443237892027
1312167743297 1443238883027
1312168644297 1443239874027
1312176753297 1443248793027
1312177654297 1443249784027
1312186664297 1443259694027
1312242150297 1442011377027
1312252161297 1442022378027
1312256942297 1443336992027
1312257843297 1443337983027
1312258744297 1443338974027
1312259645297 1443339965027
1312262172297 1442033379027
1312266853297 1443347893027
1312267754297 1443348884027
1312268655297 1443349875027
1312276764297 1443358794027
1312277665297 1443359785027
1312286675297 1443369695027
1312342260297 1442121387027
1312352271297 1442132388027
1312356953297 1443446993027
1312357854297 1443447984027
1312358755297 1443448975027
1312359656297 1443449966027
1312362282297 1442143389027
1312366864297 1443457894027
1312367765297 1443458885027
1312368666297 1443459876027
1312376775297 1443468795027
1312377676297 1443469786027
1312386686297 1443479696027
1312442370297 1442231397027
1312452381297 1442242398027
1312456964297 1443556994027
1312457865297 1443557985027
1312458766297 1443558976027
1312459667297 1443559967027
1312462392297 1442253399027
1312466875297 1443567895027
1312467776297 1443568886027
1312468677297 1443569877027
1312476786297 1443578796027
1312477687297 1443579787027
1312486697297 1443589697027
1312556975297 1443666995027
1312557876297 1443667986027
1312558777297 1443668977027
1312559678297 1443669968027
1312566886297 1443677896027
1312567787297 1443678887027
1312568688297 1443679878027
1312576797297 1443688797027
1312577698297 1443689788027
1312656986297 1443776996027
1312657887297 1443777987027
1312658788297 1443778978027
1312659689297 1443779969027
1312666897297 1443787897027
1312667798297 1443788888027
1312668699297 1443789879027
1312756997297 1443886997027
1312757898297 1443887988027
1312758799297 1443888979027
1313044716297 1431205871727
1313057931297 1444217991027
1313058832297 1444218982027
1313059733297 1444219973027
1313067842297 1444228892027
1313068743297 1444229883027
1313077753297 1444239793027
1313143140297 1443001467027
1313145727297 1431315972727
1313153151297 1443012468027
1313157942297 1444327992027
1313158843297 1444328983027
1313159744297 1444329974027
1313163162297 1443023469027
1313167853297 1444338893027
1313168754297 1444339884027
1313177764297 1444349794027
1313243250297 1443111477027
1313253261297 1443122478027
1313257953297 1444437993027
1313258854297 1444438984027
1313259755297 1444439975027
1313263272297 1443133479027
1313267864297 1444448894027
1313268765297 1444449885027
1313277775297 1444459795027
1313343360297 1443221487027
1313353371297 1443232488027
1313357964297 1444547994027
1313358865297 1444548985027
1313359766297 1444549976027
1313363382297 1443243489027
1313367875297 1444558895027
1313368776297 1444559886027
1313377786297 1444569796027
1313400237297 1430320139727
1313410347297 1430331149727
1313420457297 1430342159727
1313430567297 1430353169727
1313440677297 1430364179727
1313443470297 1443331497027
1313450787297 1430375189727
1313453481297 1443342498027
1313457975297 1444657995027
1313458876297 1444658986027
1313459777297 1444659977027
1313460897297 1430386199727
1313463492297 1443353499027
1313467886297 1444668896027
1313468787297 1444669887027
1313477797297 1444679797027
1313501337297 1430430239727
1313510436297 1430440148727
1313511447297 1430441249727
1313520546297 1430451158727
1313521557297 1430452259727
1313530656297 1430462168727
1313531667297 1430463269727
1313540766297 1430473178727
1313541777297 1430474279727
1313550876297 1430484188727
1313551887297 1430485289727
1313557986297 1444767996027
1313558887297 1444768987027
1313559788297 1444769978027
1313560986297 1430495198727
1313561997297 1430496299727
1313567897297 1444778897027
1313568798297 1444779888027
1313602437297 1430540339727
1313611536297 1430550248727
1313612547297 1430551349727
1313620635297 1430560157727
1313621646297 1430561258727
1313622657297 1430562359727
1313630745297 1430571167727
1313631756297 1430572268727
1313632767297 1430573369727
1313640855297 1430582177727
1313641866297 1430583278727
1313642877297 1430584379727
1313650965297 1430593187727
1313651976297 1430594288727
1313652987297 1430595389727
1313657997297 1444877997027
1313658898297 1444878988027
1313659799297 1444879979027
1313703537297 1430650439727
1313712636297 1430660348727
1313713647297 1430661449727
1313721735297 1430670257727
1313722746297 1430671358727
1313723757297 1430672459727
1313730834297 1430680166727
1313731845297 1430681267727
1313732856297 1430682368727
1313733867297 1430683469727
1313740944297 1430691176727
1313741955297 1430692277727
1313742966297 1430693378727
1313743977297 1430694479727
1313804637297 1430760539727
1313813736297 1430770448727
1313814747297 1430771549727
1313822835297 1430780357727
1313823846297 1430781458727
1313824857297 1430782559727
1313831934297 1430790266727
1313832945297 1430791367727
1313833956297 1430792468727
1313834967297 1430793569727
1313905737297 1430870639727
1313914836297 1430880548727
1313915847297 1430881649727
1313923935297 1430890457727
1313924946297 1430891558727
1313925957297 1430892659727
1314054141297 1444002558027
1314054826297 1432306881727
1314058942297 1445318992027
1314059843297 1445319983027
1314064152297 1444013559027
1314068853297 1445329893027
1314144240297 1444101567027
1314154251297 1444112568027
1314155837297 1432416982727
1314158953297 1445428993027
1314159854297 1445429984027
1314164262297 1444123569027
1314168864297 1445439894027
1314244350297 1444211577027
1314254361297 1444222578027
1314258964297 1445538994027
1314259865297 1445539985027
1314264372297 1444233579027
1314268875297 1445549895027
1314300027297 1431300029727
1314310137297 1431311039727
1314320247297 1431322049727
1314330357297 1431333059727
1314340467297 1431344069727
1314344460297 1444321587027
1314350577297 1431355079727
1314354471297 1444332588027
1314358975297 1445648995027
1314359876297 1445649986027
1314360687297 1431366089727
1314364482297 1444343589027
1314368886297 1445659896027
1314370797297 1431377099727
1314401127297 1431410129727
1314410226297 1431420038727
1314411237297 1431421139727
1314420336297 1431431048727
1314421347297 1431432149727
1314430446297 1431442058727
1314431457297 1431443159727
1314440556297 1431453068727
1314441567297 1431454169727
1314444570297 1444431597027
1314450666297 1431464078727
1314451677297 1431465179727
1314454581297 1444442598027
1314458986297 1445758996027
1314459887297 1445759987027
1314460776297 1431475088727
1314461787297 1431476189727
1314464592297 1444453599027
1314468897297 1445769897027
1314470886297 1431486098727
1314471897297 1431487199727
1314502227297 1431520229727
1314511326297 1431530138727
1314512337297 1431531239727
1314520425297 1431540047727
1314521436297 1431541148727
1314522447297 1431542249727
1314530535297 1431551057727
1314531546297 1431552158727
1314532557297 1431553259727
1314540645297 1431562067727
1314541656297 1431563168727
1314542667297 1431564269727
1314550755297 1431573077727
1314551766297 1431574178727
1314552777297 1431575279727
1314558997297 1445868997027
1314559898297 1445869988027
1314560865297 1431584087727
1314561876297 1431585188727
1314562887297 1431586289727
1314570975297 1431595097727
1314571986297 1431596198727
1314572997297 1431597299727
1314603327297 1431630329727
1314612426297 1431640238727
1314613437297 1431641339727
1314621525297 1431650147727
1314622536297 1431651248727
1314623547297 1431652349727
1314630624297 1431660056727
1314631635297 1431661157727
1314632646297 1431662258727
1314633657297 1431663359727
1314640734297 1431671066727
1314641745297 1431672167727
1314642756297 1431673268727
1314643767297 1431674369727
1314650844297 1431682076727
1314651855297 1431683177727
1314652866297 1431684278727
1314653877297 1431685379727
1314660954297 1431693086727
1314661965297 1431694187727
1314662976297 1431695288727
1314663987297 1431696389727
1314704427297 1431740429727
1314713526297 1431750338727
1314714537297 1431751439727
1314722625297 1431760247727
1314723636297 1431761348727
1314724647297 1431762449727
1314731724297 1431770156727
1314732735297 1431771257727
1314733746297 1431772358727
1314734757297 1431773459727
1314740823297 1431780065727
1314741834297 1431781166727
1314742845297 1431782267727
1314743856297 1431783368727
1314744867297 1431784469727
1314750933297 1431791075727
1314751944297 1431792176727
1314752955297 1431793277727
1314753966297 1431794378727
1314754977297 1431795479727
1314805527297 1431850529727
1314814626297 1431860438727
1314815637297 1431861539727
1314823725297 1431870347727
1314824736297 1431871448727
1314825747297 1431872549727
1314832824297 1431880256727
1314833835297 1431881357727
1314834846297 1431882458727
1314835857297 1431883559727
1314841923297 1431890165727
1314842934297 1431891266727
1314843945297 1431892367727
1314844956297 1431893468727
1314845967297 1431894569727
1314906627297 1431960629727
1314915726297 1431970538727
1314916737297 1431971639727
1314924825297 1431980447727
1314925836297 1431981548727
1314926847297 1431982649727
1314933924297 1431990356727
1314934935297 1431991457727
1314935946297 1431992558727
1314936957297 1431993659727
1315055241297 1445102658027
1315059953297 1446419993027
1315064936297 1433407891727
1315065252297 1445113659027
1315145340297 1445201667027
1315155351297 1445212668027
1315159964297 1446529994027
1315165362297 1445223669027
1315165947297 1433517992727
1315245450297 1445311677027
1315255461297 1445322678027
1315259975297 1446639995027
1315265472297 1445333679027
1315311027297 1432401029727
1315321137297 1432412039727
1315331247297 1432423049727
1315341357297 1432434059727
1315345560297 1445421687027
1315351467297 1432445069727
1315355571297 1445432688027
1315359986297 1446749996027
1315361577297 1432456079727
1315365582297 1445443689027
1315371687297 1432467089727
1315381797297 1432478099727
1315402017297 1432500119727
1315411116297 1432510028727
1315412127297 1432511129727
1315421226297 1432521038727
1315422237297 1432522139727
1315431336297 1432532048727
1315432347297 1432533149727
1315441446297 1432543058727
1315442457297 1432544159727
1315445670297 1445531697027
1315451556297 1432554068727
1315452567297 1432555169727
1315455681297 1445542698027
1315459997297 1446859997027
1315461666297 1432565078727
1315462677297 1432566179727
1315465692297 1445553699027
1315471776297 1432576088727
1315472787297 1432577189727
1315481886297 1432587098727
1315482897297 1432588199727
1315503117297 1432610219727
1315512216297 1432620128727
1315513227297 1432621229727
1315521315297 1432630037727
1315522326297 1432631138727
1315523337297 1432632239727
1315531425297 1432641047727
1315532436297 1432642148727
1315533447297 1432643249727
1315541535297 1432652057727
1315542546297 1432653158727
1315543557297 1432654259727
1315551645297 1432663067727
1315552656297 1432664168727
1315553667297 1432665269727
1315561755297 1432674077727
1315562766297 1432675178727
1315563777297 1432676279727
1315571865297 1432685087727
1315572876297 1432686188727
1315573887297 1432687289727
1315581975297 1432696097727
1315582986297 1432697198727
1315583997297 1432698299727
1315604217297 1432720319727
1315613316297 1432730228727
1315614327297 1432731329727
1315622415297 1432740137727
1315623426297 1432741238727
1315624437297 1432742339727
1315631514297 1432750046727
1315632525297 1432751147727
1315633536297 1432752248727
1315634547297 1432753349727
1315641624297 1432761056727
1315642635297 1432762157727
1315643646297 1432763258727
1315644657297 1432764359727
1315651734297 1432772066727
1315652745297 1432773167727
1315653756297 1432774268727
1315654767297 1432775369727
1315661844297 1432783076727
1315662855297 1432784177727
1315663866297 1432785278727
1315664877297 1432786379727
1315671954297 1432794086727
1315672965297 1432795187727
1315673976297 1432796288727
1315674987297 1432797389727
1315705317297 1432830419727
1315714416297 1432840328727
1315715427297 1432841429727
1315723515297 1432850237727
1315724526297 1432851338727
1315725537297 1432852439727
1315727143297 1432971315727
1315732614297 1432860146727
1315733625297 1432861247727
1315734636297 1432862348727
1315735647297 1432863449727
1315741713297 1432870055727
1315742724297 1432871156727
1315743735297 1432872257727
1315744746297 1432873358727
1315745757297 1432874459727
1315751823297 1432881065727
1315752834297 1432882166727
1315753845297 1432883267727
1315754856297 1432884368727
1315755867297 1432885469727
1315761933297 1432892075727
1315762944297 1432893176727
1315763955297 1432894277727
1315764966297 1432895378727
1315765977297 1432896479727
1315806417297 1432940519727
1315815516297 1432950428727
1315816527297 1432951529727
1315824615297 1432960337727
1315825626297 1432961438727
1315826637297 1432962539727
1315833714297 1432970246727
1315834725297 1432971347727
1315835736297 1432972448727
1315836747297 1432973549727
1315842813297 1432980155727
1315843824297 1432981256727
1315844835297 1432982357727
1315845846297 1432983458727
1315846857297 1432984559727
1315851912297 1432990064727
1315852923297 1432991165727
1315853934297 1432992266727
1315854945297 1432993367727
1315855956297 1432994468727
1315856967297 1432995569727
1316056341297 1446202758027
1316064405297 1434639200727
1316066352297 1446213759027
1316146440297 1446301767027
1316156451297 1446312768027
1316166462297 1446323769027
1316246550297 1446411777027
1316256561297 1446422778027
1316266572297 1446433779027
1316322027297 1433502029727
1316332137297 1433513039727
1316342247297 1433524049727
1316346660297 1446521787027
1316352357297 1433535059727
1316356671297 1446532788027
1316362467297 1433546069727
1316366682297 1446543789027
1316372577297 1433557079727
1316382687297 1433568089727
1316392797297 1433579099727
1316412006297 1433600018727
1316413017297 1433601119727
1316422116297 1433611028727
1316423127297 1433612129727
1316432226297 1433622038727
1316433237297 1433623139727
1316442336297 1433633048727
1316443347297 1433634149727
1316446770297 1446631797027
1316452446297 1433644058727
1316453457297 1433645159727
1316456781297 1446642798027
1316462556297 1433655068727
1316463567297 1433656169727
1316466792297 1446653799027
1316472666297 1433666078727
1316473677297 1433667179727
1316482776297 1433677088727
1316483787297 1433678189727
1316492886297 1433688098727
1316493897297 1433689199727
1316504007297 1433700209727
1316513106297 1433710118727
1316514117297 1433711219727
1316522205297 1433720027727
1316523216297 1433721128727
1316524227297 1433722229727
1316532315297 1433731037727
1316533326297 1433732138727
1316534337297 1433733239727
1316542425297 1433742047727
1316543436297 1433743148727
1316544447297 1433744249727
1316552535297 1433753057727
1316553546297 1433754158727
1316554557297 1433755259727
1316562645297 1433764067727
1316563656297 1433765168727
1316564667297 1433766269727
1316572755297 1433775077727
1316573766297 1433776178727
1316574777297 1433777279727
1316582865297 1433786087727
1316583876297 1433787188727
1316584887297 1433788289727
1316592975297 1433797097727
1316593986297 1433798198727
1316594997297 1433799299727
1316605107297 1433810309727
1316614206297 1433820218727
1316615217297 1433821319727
1316623305297 1433830127727
1316624316297 1433831228727
1316625327297 1433832329727
1316632404297 1433840036727
1316633415297 1433841137727
1316634426297 1433842238727
1316635437297 1433843339727
1316642514297 1433851046727
1316643525297 1433852147727
1316644536297 1433853248727
1316645547297 1433854349727
1316652624297 1433862056727
1316653635297 1433863157727
1316654646297 1433864258727
1316655657297 1433865359727
1316662734297 1433873066727
1316663745297 1433874167727
1316664756297 1433875268727
1316665767297 1433876369727
1316672844297 1433884076727
1316673855297 1433885177727
1316674866297 1433886278727
1316675877297 1433887379727
1316682954297 1433895086727
1316683965297 1433896187727
1316684976297 1433897288727
1316685987297 1433898389727
1316706207297 1433920409727
1316715306297 1433930318727
1316716317297 1433931419727
1316724405297 1433940227727
1316725416297 1433941328727
1316726427297 1433942429727
1316733504297 1433950136727
1316734515297 1433951237727
1316735526297 1433952338727
1316736537297 1433953439727
1316742603297 1433960045727
1316743614297 1433961146727
1316744625297 1433962247727
1316745636297 1433963348727
1316746647297 1433964449727
1316752713297 1433971055727
1316753724297 1433972156727
1316754735297 1433973257727
1316755746297 1433974358727
1316756757297 1433975459727
1316762823297 1433982065727
1316763834297 1433983166727
1316764845297 1433984267727
1316765856297 1433985368727
1316766867297 1433986469727
1316772933297 1433993075727
1316773944297 1433994176727
1316774955297 1433995277727
1316775966297 1433996378727
1316776977297 1433997479727
1317057441297 1447302858027
1317064316297 1435729201727
1317067452297 1447313859027
1317147540297 1447401867027
1317157551297 1447412868027
1317167562297 1447423869027
1317247650297 1447511877027
1317257661297 1447522878027
1317267672297 1447533879027
1317333027297 1434603029727
1317343137297 1434614039727
1317347760297 1447621887027
1317353247297 1434625049727
1317357771297 1447632888027
1317363357297 1434636059727
1317367782297 1447643889027
1317373467297 1434647069727
1317383577297 1434658079727
1317393687297 1434669089727
1317423006297 1434701018727
1317424017297 1434702119727
1317433116297 1434712028727
1317434127297 1434713129727
1317443226297 1434723038727
1317444237297 1434724139727
1317447870297 1447731897027
1317453336297 1434734048727
1317454347297 1434735149727
1317457881297 1447742898027
1317463446297 1434745058727
1317464457297 1434746159727
1317467892297 1447753899027
1317473556297 1434756068727
1317474567297 1434757169727
1317483666297 1434767078727
1317484677297 1434768179727
1317493776297 1434778088727
1317494787297 1434779189727
1317515007297 1434801209727
1317524106297 1434811118727
1317525117297 1434812219727
1317533205297 1434821027727
1317534216297 1434822128727
1317535227297 1434823229727
1317543315297 1434832037727
1317544326297 1434833138727
1317545337297 1434834239727
1317553425297 1434843047727
1317554436297 1434844148727
1317555447297 1434845249727
1317563535297 1434854057727
1317564546297 1434855158727
1317565557297 1434856259727
1317573645297 1434865067727
1317574656297 1434866168727
1317575667297 1434867269727
1317583755297 1434876077727
1317584766297 1434877178727
1317585777297 1434878279727
1317593865297 1434887087727
1317594876297 1434888188727
1317595887297 1434889289727
1317616107297 1434911309727
1317625206297 1434921218727
1317626217297 1434922319727
1317634305297 1434931127727
1317635316297 1434932228727
1317636327297 1434933329727
1317643404297 1434941036727
1317644415297 1434942137727
1317645426297 1434943238727
1317646437297 1434944339727
1317653514297 1434952046727
1317654525297 1434953147727
1317655536297 1434954248727
1317656547297 1434955349727
1317663624297 1434963056727
1317664635297 1434964157727
1317665646297 1434965258727
1317666657297 1434966359727
1317673734297 1434974066727
1317674745297 1434975167727
1317675756297 1434976268727
1317676767297 1434977369727
1317683844297 1434985076727
1317684855297 1434986177727
1317685866297 1434987278727
1317686877297 1434988379727
1317693954297 1434996086727
1317694965297 1434997187727
1317695976297 1434998288727
1317696987297 1434999389727
1318058541297 1448402958027
1318064227297 1436819202727
1318068552297 1448413959027
1318148640297 1448501967027
1318158651297 1448512968027
1318168662297 1448523969027
1318248750297 1448611977027
1318258761297 1448622978027
1318268772297 1448633979027
1318344027297 1435704029727
1318348860297 1448721987027
1318354137297 1435715039727
1318358871297 1448732988027
1318364247297 1435726049727
1318368882297 1448743989027
1318374357297 1435737059727
1318384467297 1435748069727
1318394577297 1435759079727
1318434006297 1435802018727
1318435017297 1435803119727
1318444116297 1435813028727
1318445127297 1435814129727
1318448970297 1448831997027
1318454226297 1435824038727
1318455237297 1435825139727
1318458981297 1448842998027
1318464336297 1435835048727
1318465347297 1435836149727
1318468992297 1448853999027
1318474446297 1435846058727
1318475457297 1435847159727
1318484556297 1435857068727
1318485567297 1435858169727
1318494666297 1435868078727
1318495677297 1435869179727
1318526007297 1435902209727
1318535106297 1435912118727
1318536117297 1435913219727
1318544205297 1435922027727
1318545216297 1435923128727
1318546227297 1435924229727
1318554315297 1435933037727
1318555326297 1435934138727
1318556337297 1435935239727
1318564425297 1435944047727
1318565436297 1435945148727
1318566447297 1435946249727
1318574535297 1435955057727
1318575546297 1435956158727
1318576557297 1435957259727
1318584645297 1435966067727
1318585656297 1435967168727
1318586667297 1435968269727
1318594755297 1435977077727
1318595766297 1435978178727
1318596777297 1435979279727
1319064138297 1437909203727
1319355027297 1436805029727
1319365137297 1436816039727
1319375247297 1436827049727
1319385357297 1436838059727
1319395467297 1436849069727
1319445006297 1436903018727
1319446017297 1436904119727
1319455116297 1436914028727
1319456127297 1436915129727
1319465226297 1436925038727
1319466237297 1436926139727
1319475336297 1436936048727
1319476347297 1436937149727
1319485446297 1436947058727
1319486457297 1436948159727
1319495556297 1436958068727
1319496567297 1436959169727
1320195923597 1452068990327
1320196824597 1452069981327
1320295934597 1452178991327
1320296835597 1452179982327
1320395945597 1452288992327
1320396846597 1452289983327
1320424140597 1451002494327
1320434151597 1451013495327
1320444162597 1451024496327
1320454173597 1451035497327
1320464184597 1451046498327
1320474195597 1451057499327
1320495956597 1452398993327
1320496857597 1452399984327
1321096923597 1453059990327
1321196934597 1453169991327
1321296945597 1453279992327
1321335141597 1452003585327
1321345152597 1452014586327
1321355163597 1452025587327
1321365174597 1452036588327
1321375185597 1452047589327
1321396956597 1453389993327
1321425240597 1452102594327
1321435251597 1452113595327
1321445262597 1452124596327
1321455273597 1452135597327
1321465284597 1452146598327
1321475295597 1452157599327
1321496967597 1453499994327
1322246142597 1453004676327
1322256153597 1453015677327
1322266164597 1453026678327
1322276175597 1453037679327
1322336241597 1453103685327
1322346252597 1453114686327
1322356263597 1453125687327
1322366274597 1453136688327
1322376285597 1453147689327
1322426340597 1453202694327
1322436351597 1453213695327
1322446362597 1453224696327
1322456373597 1453235697327
1322466384597 1453246698327
1322476395597 1453257699327
1323157143597 1454005767327
1323167154597 1454016768327
1323177165597 1454027769327
1323247242597 1454104776327
1323257253597 1454115777327
1323267264597 1454126778327
1323271455597 1455597132327
1323277275597 1454137779327
1323337341597 1454203785327
1323347352597 1454214786327
1323357363597 1454225787327
1323367374597 1454236788327
1323377385597 1454247789327
1323427440597 1454302794327
1323437451597 1454313795327
1323447462597 1454324796327
1323457473597 1454335797327
1323467484597 1454346798327
1323477495597 1454357799327
1324068144597 1455006858327
1324078155597 1455017859327
1324158243597 1455105867327
1324168254597 1455116868327
1324178265597 1455127869327
1324248342597 1455204876327
1324258353597 1455215877327
1324268364597 1455226878327
1324278375597 1455237879327
1324338441597 1455303885327
1324348452597 1455314886327
1324358463597 1455325887327
1324368474597 1455336888327
1324378485597 1455347889327
1324428540597 1455402894327
1324438551597 1455413895327
1324448562597 1455424896327
1324458573597 1455435897327
1324468584597 1455446898327
1324478595597 1455457899327
1324932845597 1455983249327
1325069244597 1456106958327
1325079255597 1456117959327
1325159343597 1456205967327
1325169354597 1456216968327
1325179365597 1456227969327
1325249442597 1456304976327
1325259453597 1456315977327
1325269464597 1456326978327
1325279475597 1456337979327
1325339541597 1456403985327
1325349552597 1456414986327
1325359563597 1456425987327
1325369574597 1456436988327
1325379585597 1456447989327
1325429640597 1456502994327
1325439651597 1456513995327
1325449662597 1456524996327
1325459673597 1456535997327
1325469684597 1456546998327
1325479695597 1456557999327
1326014273597 1458733700327
1326538605597 1457603679327
1327000014597 1459700001327
1327013284597 1459832701327
1327132714597 1459713271327
1327145984597 1459845971327
1327448604597 1458603588327
1327549715597 1458714689327
1328327014597 1459701328327
1328358603597 1459603497327
1328459714597 1459714598327
1330132841897 1341004776197
1330242952897 1341115787197
1330438143897 1462006794627
1330448154897 1462017795627
1330458165897 1462028796627
1330468176897 1462039797627
1331123840897 1342003875197
1331233951897 1342114886197
1331349144897 1463007885627
1331359155897 1463018886627
1331369166897 1463029887627
1331439243897 1463106894627
1331449254897 1463117895627
1331459265897 1463128896627
1331469276897 1463139897627
1332224950897 1343113985197
1333640161897 1464221089627
1333741271897 1464332099627
1334550151897 1465220179627
1334556707897 1466413988627
1334641150897 1465320088627
1334651261897 1465331189627
1334742260897 1465431098627
1334752371897 1465442199627
1335466706897 1467413897627
1335561251897 1466330279627
1335567817897 1467524998627
1335652250897 1466430188627
1335662361897 1466441289627
1335753360897 1466541198627
1335763471897 1466552299627
1336271469897 1469897133627
1336503302897 1348653210197
1336572351897 1467440379627
1336602303897 1348753111197
1336663350897 1467540288627
1336673461897 1467551389627
1336701304897 1348853012197
1336762846897 1468983367627
1336764460897 1467651298627
1336774571897 1467662399627
1337583451897 1468550479627
1337674450897 1468650388627
1337684561897 1468661489627
1337775560897 1468761398627
1337785671897 1468772499627
1338594551897 1469660579627
1338685550897 1469760488627
1338695661897 1469771589627
1338786660897 1469871498627
1338796771897 1469882599627
1341930556197 1461390249627
1342830346197 1462370139627
1342840456197 1462381149627
1342850566197 1462392159627
1342931446197 1462480239627
1342940545197 1462490148627
1342941556197 1462491249627
1343234714197 1464257500627
1343730136197 1463350029627
1343740246197 1463361039627
1343750356197 1463372049627
1343760466197 1463383059627
1343770576197 1463394069627
1343831236197 1463460129627
1343840335197 1463470038627
1343841346197 1463471139627
1343850445197 1463481048627
1343851456197 1463482149627
1343860555197 1463492058627
1343861566197 1463493159627
1343932336197 1463570229627
1343941435197 1463580138627
1343942446197 1463581239627
1343950534197 1463590047627
1343951545197 1463591148627
1343952556197 1463592249627
1344143724197 1465248410627
1344234625197 1465347501627
1344731026197 1464440019627
1344741136197 1464451029627
1344751246197 1464462039627
1344761356197 1464473049627
1344771466197 1464484059627
1344781576197 1464495069627
1344832126197 1464550119627
1344841225197 1464560028627
1344842236197 1464561129627
1344851335197 1464571038627
1344852346197 1464572139627
1344861445197 1464582048627
1344862456197 1464583149627
1344871555197 1464593058627
1344872566197 1464594159627
1344933226197 1464660219627
1344942325197 1464670128627
1344943336197 1464671229627
1344951424197 1464680037627
1344952435197 1464681138627
1344953446197 1464682239627
1344961534197 1464691047627
1344962545197 1464692148627
1344963556197 1464693249627
1345052734197 1466239320627
1345143635197 1466338411627
1345234536197 1466437502627
1345742026197 1465541019627
1345752136197 1465552029627
1345762246197 1465563039627
1345772356197 1465574049627
1345782466197 1465585059627
1345792576197 1465596069627
1345833016197 1465640109627
1345842115197 1465650018627
1345843126197 1465651119627
1345852225197 1465661028627
1345853236197 1465662129627
1345862335197 1465672038627
1345863346197 1465673139627
1345872445197 1465683048627
1345873456197 1465684149627
1345882555197 1465694058627
1345883566197 1465695159627
1345934116197 1465750209627
1345943215197 1465760118627
1345944226197 1465761219627
1345952314197 1465770027627
1345953325197 1465771128627
1345954336197 1465772229627
1345962424197 1465781037627
1345963435197 1465782138627
1345964446197 1465783239627
1345972534197 1465792047627
1345973545197 1465793148627
1345974556197 1465794249627
1346052645197 1467329321627
1346143546197 1467428412627
1346234447197 1467527503627
1346753026197 1466642019627
1346763136197 1466653029627
1346773246197 1466664039627
1346783356197 1466675049627
1346793466197 1466686059627
1346843005197 1466740008627
1346844016197 1466741109627
1346853115197 1466751018627
1346854126197 1466752119627
1346863225197 1466762028627
1346864236197 1466763129627
1346873335197 1466773038627
1346874346197 1466774139627
1346883445197 1466784048627
1346884456197 1466785149627
1346893555197 1466795058627
1346894566197 1466796159627
1346944105197 1466850108627
1346945116197 1466851209627
1346953204197 1466860017627
1346954215197 1466861118627
1346955226197 1466862219627
1346963314197 1466871027627
1346964325197 1466872128627
1346965336197 1466873229627
1346973424197 1466882037627
1346974435197 1466883138627
1346975446197 1466884239627
1346983534197 1466893047627
1346984545197 1466894148627
1346985556197 1466895249627
1347052556197 1468419322627
1347143457197 1468518413627
1347234358197 1468617504627
1347764026197 1467743019627
1347774136197 1467754029627
1347784246197 1467765039627
1347794356197 1467776049627
1347854005197 1467841008627
1347855016197 1467842109627
1347864115197 1467852018627
1347865126197 1467853119627
1347874225197 1467863028627
1347875236197 1467864129627
1347884335197 1467874038627
1347885346197 1467875139627
1347894445197 1467885048627
1347895456197 1467886149627
1347955105197 1467951108627
1347956116197 1467952209627
1347964204197 1467961017627
1347965215197 1467962118627
1347966226197 1467963219627
1347974314197 1467972027627
1347975325197 1467973128627
1347976336197 1467974229627
1347984424197 1467983037627
1347985435197 1467984138627
1347986446197 1467985239627
1347994534197 1467994047627
1347995545197 1467995148627
1347996556197 1467996249627
1348052467197 1469509323627
1348143368197 1469608414627
1348234269197 1469707505627
1348775026197 1468844019627
1348785136197 1468855029627
1348795246197 1468866039627
1348865005197 1468942008627
1348866016197 1468943109627
1348875115197 1468953018627
1348876126197 1468954119627
1348885225197 1468964028627
1348886236197 1468965129627
1348895335197 1468975038627
1348896346197 1468976139627
1349786026197 1469945019627
1349796136197 1469956029627
1350466150497 1484015395227
1350476161497 1484026396227
1350486172497 1484037397227
1350496183497 1484048398227
1351367140497 1485005485227
1351377151497 1485016486227
1351387162497 1485027487227
1351397173497 1485038488227
1351467250497 1485115495227
1351477261497 1485126496227
1351487272497 1485137497227
1351497283497 1485148498227
1352271487497 1487497135227
1352278141497 1486006576227
1352288152497 1486017577227
1352298163497 1486028578227
1352368240497 1486105585227
1352378251497 1486116586227
1352388262497 1486127587227
1352398273497 1486138588227
1352468350497 1486215595227
1352478361497 1486226596227
1352488372497 1486237597227
1352498383497 1486248598227
1352940649497 1473380469927
1352950759497 1473391479927
1353189142497 1487007667227
1353199153497 1487018668227
1353279241497 1487106676227
1353289252497 1487117677227
1353299263497 1487128678227
1353369340497 1487205685227
1353379351497 1487216686227
1353389362497 1487227687227
1353399373497 1487238688227
1353469450497 1487315695227
1353479461497 1487326696227
1353489472497 1487337697227
1353499483497 1487348698227
1353840439497 1474360359927
1353850549497 1474371369927
1353860659497 1474382379927
1353870769497 1474393389927
1353941539497 1474470459927
1353950638497 1474480368927
1353951649497 1474481469927
1353960748497 1474491378927
1353961759497 1474492479927
1354442807497 1476475420927
1354533708497 1476574511927
1354624609497 1476673602927
1354740229497 1475340249927
1354750339497 1475351259927
1354760449497 1475362269927
1354770559497 1475373279927
1354780669497 1475384289927
1354790779497 1475395299927
1354841329497 1475450349927
1354850428497 1475460258927
1354851439497 1475461359927
1354860538497 1475471268927
1354861549497 1475472369927
1354870648497 1475482278927
1354871659497 1475483379927
1354880758497 1475493288927
1354881769497 1475494389927
1354942429497 1475560449927
1354951528497 1475570358927
1354952539497 1475571459927
1354960627497 1475580267927
1354961638497 1475581368927
1354962649497 1475582469927
1354970737497 1475591277927
1354971748497 1475592378927
1354972759497 1475593479927
1355351817497 1477466330927
1355442718497 1477565421927
1355533619497 1477664512927
1355640019497 1476320139927
1355642190497 1475247017927
1355650129497 1476331149927
1355660239497 1476342159927
1355670349497 1476353169927
1355680459497 1476364179927
1355690569497 1476375189927
1355741119497 1476430239927
1355750218497 1476440148927
1355751229497 1476441249927
1355760328497 1476451158927
1355761339497 1476452259927
1355770438497 1476462168927
1355771449497 1476463269927
1355780548497 1476473178927
1355781559497 1476474279927
1355790658497 1476484188927
1355791669497 1476485289927
1355842219497 1476540339927
1355851318497 1476550248927
1355852329497 1476551349927
1355860417497 1476560157927
1355861428497 1476561258927
1355862439497 1476562359927
1355870527497 1476571167927
1355871538497 1476572268927
1355872549497 1476573369927
1355880637497 1476582177927
1355881648497 1476583278927
1355882659497 1476584379927
1355890747497 1476593187927
1355891758497 1476594288927
1355892769497 1476595389927
1355943319497 1476650439927
1355952418497 1476660348927
1355953429497 1476661449927
1355961517497 1476670257927
1355962528497 1476671358927
1355963539497 1476672459927
1355970616497 1476680166927
1355971627497 1476681267927
1355972638497 1476682368927
1355973649497 1476683469927
1355980726497 1476691176927
1355981737497 1476692277927
1355982748497 1476693378927
1355983759497 1476694479927
1356260827497 1478457240927
1356351728497 1478556331927
1356442629497 1478655422927
1356551091497 1476236108927
1356560029497 1477322049927
1356570139497 1477333059927
1356580249497 1477344069927
1356590359497 1477355079927
1356650008497 1477420038927
1356651019497 1477421139927
1356652080497 1476346007927
1356660118497 1477431048927
1356661129497 1477432149927
1356670228497 1477442058927
1356671239497 1477443159927
1356680338497 1477453068927
1356681349497 1477454169927
1356690448497 1477464078927
1356691459497 1477465179927
1356742009497 1477520229927
1356751108497 1477530138927
1356752119497 1477531239927
1356760207497 1477540047927
1356761218497 1477541148927
1356762229497 1477542249927
1356764290497 1476468117927
1356770317497 1477551057927
1356771328497 1477552158927
1356772339497 1477553259927
1356780427497 1477562067927
1356781438497 1477563168927
1356782449497 1477564269927
1356790537497 1477573077927
1356791548497 1477574178927
1356792559497 1477575279927
1356843109497 1477630329927
1356852208497 1477640238927
1356853219497 1477641339927
1356861307497 1477650147927
1356862318497 1477651248927
1356863329497 1477652349927
1356870406497 1477660056927
1356871417497 1477661157927
1356872428497 1477662258927
1356873439497 1477663359927
1356880516497 1477671066927
1356881527497 1477672167927
1356882538497 1477673268927
1356883549497 1477674369927
1356890626497 1477682076927
1356891637497 1477683177927
1356892648497 1477684278927
1356893659497 1477685379927
1356944209497 1477740429927
1356953308497 1477750338927
1356954319497 1477751439927
1356962407497 1477760247927
1356963418497 1477761348927
1356964429497 1477762449927
1356971506497 1477770156927
1356972517497 1477771257927
1356973528497 1477772358927
1356974539497 1477773459927
1356980605497 1477780065927
1356981616497 1477781166927
1356982627497 1477782267927
1356983638497 1477783368927
1356984649497 1477784469927
1356990715497 1477791075927
1356991726497 1477792176927
1356992737497 1477793277927
1356993748497 1477794378927
1356994759497 1477795479927
1357260738497 1479547241927
1357351639497 1479646332927
1357571029497 1478423049927
1357581139497 1478434059927
1357591249497 1478445069927
1357661008497 1478521038927
1357662019497 1478522139927
1357671118497 1478532048927
1357672129497 1478533149927
1357673191497 1477457208927
1357681228497 1478543058927
1357682239497 1478544159927
1357691338497 1478554068927
1357692349497 1478555169927
1357753009497 1478621229927
1357762108497 1478631138927
1357763119497 1478632239927
1357771207497 1478641047927
1357772218497 1478642148927
1357773229497 1478643249927
1357774180497 1477567107927
1357781317497 1478652057927
1357782328497 1478653158927
1357783339497 1478654259927
1357791427497 1478663067927
1357792438497 1478664168927
1357793449497 1478665269927
1357839154497 1478822754927
1357854109497 1478731329927
1357863208497 1478741238927
1357864219497 1478742339927
1357872307497 1478751147927
1357873318497 1478752248927
1357874329497 1478753349927
1357881406497 1478761056927
1357882417497 1478762157927
1357883428497 1478763258927
1357884439497 1478764359927
1357886390497 1477689217927
1357891516497 1478772066927
1357892527497 1478773167927
1357893538497 1478774268927
1357894549497 1478775369927
1357955209497 1478841429927
1357964308497 1478851338927
1357965319497 1478852439927
1357973407497 1478861247927
1357974418497 1478862348927
1357975429497 1478863449927
1357982506497 1478871156927
1357983517497 1478872257927
1357984528497 1478873358927
1357985539497 1478874459927
1357991605497 1478881065927
1357992616497 1478882166927
1357993627497 1478883267927
1357994638497 1478884368927
1357995649497 1478885469927
1358582029497 1479524049927
1358592139497 1479535059927
1358672008497 1479622038927
1358673019497 1479623139927
1358682118497 1479633048927
1358683129497 1479634149927
1358692228497 1479644058927
1358693239497 1479645159927
1358764009497 1479722229927
1358773108497 1479732138927
1358774119497 1479733239927
1358782207497 1479742047927
1358783218497 1479743148927
1358784229497 1479744249927
1358792317497 1479753057927
1358793328497 1479754158927
1358794339497 1479755259927
1358795291497 1478678308927
1358865109497 1479832329927
1358874208497 1479842238927
1358875219497 1479843339927
1358883307497 1479852147927
1358884318497 1479853248927
1358885329497 1479854349927
1358892406497 1479862056927
1358893417497 1479863157927
1358894428497 1479864258927
1358895439497 1479865359927
1358896280497 1478788207927
1358966209497 1479942429927
1358975308497 1479952338927
1358976319497 1479953439927
1358984407497 1479962247927
1358985418497 1479963348927
1358986429497 1479964449927
1358993506497 1479972156927
1358994517497 1479973257927
1358995528497 1479974358927
1358996539497 1479975459927
1364781030797 1498411059527
1364882140797 1498522069527
1364983250797 1498633079527
1365691020797 1499410149527
1365792130797 1499521159527
1365893240797 1499632169527
1365994350797 1499743179527
1372404845097 1496055802527
1373313855097 1497046712527
1373404756097 1497145803527
1373595239097 1497084196527
1374222865097 1498037622527
1374313766097 1498136713527
1374404667097 1498235804527
1374484207097 1498053084527
1374595328097 1498174195527
1375131875097 1499028532527
1375222776097 1499127623527
1375313677097 1499226714527
1375404578097 1499325805527
1375595417097 1499264194527
1386137117397 1387272260397
1400268412827 1414129670127
1400383242827 1414372930127
1400425702827 1413016817127
1400473333827 1414463921127
1400525803827 1413117818127
1400563424827 1414554912127
1400625904827 1413218819127
1400653515827 1414645903127
1400667438827 1414518796127
1401268513827 1415139671127
1401284152827 1415282840127
1401374243827 1415373831127
1401426712827 1414026827127
1401464334827 1415464822127
1401526813827 1414127828127
1401554425827 1415555813127
1401626914827 1414228829127
1401644516827 1415646804127
1401668539827 1415529797127
1402185062827 1416192750127
1402268614827 1416149672127
1402275153827 1416283741127
1402365244827 1416374732127
1402427722827 1415036837127
1402455335827 1416465723127
1402527823827 1415137838127
1402545426827 1416556714127
1402627924827 1415238839127
1402635517827 1416647705127
1403176063827 1417193651127
1403266154827 1417284642127
1403268715827 1417159673127
1403356245827 1417375633127
1403428732827 1416046847127
1403446336827 1417466624127
1403528833827 1416147848127
1403536427827 1417557615127
1403626518827 1417648606127
1403628934827 1416248849127
1404167064827 1418194552127
1404257155827 1418285543127
1404268816827 1418169674127
1404347246827 1418376534127
1404429742827 1417056857127
1404437337827 1418467525127
1404527428827 1418558516127
1404529843827 1417157858127
1404617519827 1418649507127
1404629944827 1417258859127
1405158065827 1419195453127
1405248156827 1419286444127
1405268917827 1419179675127
1405338247827 1419377435127
1405428338827 1419468426127
1405518429827 1419559417127
1427001428427 1428427001427
1427014271427 1427142701427
1427015698427 1428569701427
1430194354727 1444481852027
1430284445727 1444572843027
1430374536727 1444663834027
1430464627727 1444754825027
1430554718727 1444845816027
1430644809727 1444936807027
1431095264727 1445391762027
1431185355727 1445482753027
1431275446727 1445573744027
1431365537727 1445664735027
1431455628727 1445755726027
1431545719727 1445846717027
1432086265727 1446392663027
1432176356727 1446483654027
1432266447727 1446574645027
1432356538727 1446665636027
1432446629727 1446756627027
1433077266727 1447393564027
1433167357727 1447484555027
1433257448727 1447575546027
1433347539727 1447666537027
1434068267727 1448394465027
1434158358727 1448485456027
1434248449727 1448576447027
1435059268727 1449395366027
1435149359727 1449486357027
1440131557027 1441571530027
1471293868927 1485991946227
1472284869927 1486992847227
1531594477957 1546894952257
1531684568957 1546985943257
1532585478957 1547895853257
1532675569957 1547986844257
1533576479957 1548896754257
1534313240957 1548261402257
1534412241957 1548361303257
1534511242957 1548461204257
1534610243957 1548561105257
1535303250957 1549260412257
1535402251957 1549360313257
1535501252957 1549460214257
1535600253957 1549560115257
1536288507957 1537658820957
1557001558557 1558557001557
1557015571557 1557155701557
1561295470857 1574056829157
1562396580857 1575166939157
1563013630857 1577222702157
1563112631857 1577322603157
1563211632857 1577422504157
1563310633857 1577522405157
1564003640857 1578221712157
1564102641857 1578321613157
1564201642857 1578421514157
1564300643857 1578521415157
1570000157157 1571570000157
1570001570157 1570157000157
1570015857157 1571585700157
1570157157157 1571571570157
1601615010687 1760000672517
1601625021687 1760011673517
1601635032687 1760022674517
1601645043687 1760033675517
1601655054687 1760044676517
1601665065687 1760055677517
1601675076687 1760066678517
1601685087687 1760077679517
1601715120687 1760110682517
1601725131687 1760121683517
1601735142687 1760132684517
1601745153687 1760143685517
1601755164687 1760154686517
1601765175687 1760165687517
1601775186687 1760176688517
1601785197687 1760187689517
1601815230687 1760220692517
1601825241687 1760231693517
1601835252687 1760242694517
1601845263687 1760253695517
1601855274687 1760264696517
1601865285687 1760275697517
1601875296687 1760286698517
1602526011687 1761001763517
1602536022687 1761012764517
1602546033687 1761023765517
1602556044687 1761034766517
1602566055687 1761045767517
1602576066687 1761056768517
1602586077687 1761067769517
1602616110687 1761100772517
1602626121687 1761111773517
1602636132687 1761122774517
1602646143687 1761133775517
1602656154687 1761144776517
1602666165687 1761155777517
1602676176687 1761166778517
1602686187687 1761177779517
1602716220687 1761210782517
1602726231687 1761221783517
1602736242687 1761232784517
1602746253687 1761243785517
1602756264687 1761254786517
1602766275687 1761265787517
1602776286687 1761276788517
1602786297687 1761287789517
1602816330687 1761320792517
1602826341687 1761331793517
1602836352687 1761342794517
1602846363687 1761353795517
1602856374687 1761364796517
1602866385687 1761375797517
1602876396687 1761386798517
1603437012687 1762002854517
1603447023687 1762013855517
1603457034687 1762024856517
1603467045687 1762035857517
1603477056687 1762046858517
1603487067687 1762057859517
1603527111687 1762101863517
1603537122687 1762112864517
1603547133687 1762123865517
1603557144687 1762134866517
1603567155687 1762145867517
1603577166687 1762156868517
1603587177687 1762167869517
1603617210687 1762200872517
1603627221687 1762211873517
1603637232687 1762222874517
1603647243687 1762233875517
1603657254687 1762244876517
1603667265687 1762255877517
1603677276687 1762266878517
1603687287687 1762277879517
1603717320687 1762310882517
1603727331687 1762321883517
1603737342687 1762332884517
1603747353687 1762343885517
1603757364687 1762354886517
1603767375687 1762365887517
1603777386687 1762376888517
1603787397687 1762387889517
1603817430687 1762420892517
1603827441687 1762431893517
1603837452687 1762442894517
1603847463687 1762453895517
1603857474687 1762464896517
1603867485687 1762475897517
1603877496687 1762486898517
1604348013687 1763003945517
1604358024687 1763014946517
1604368035687 1763025947517
1604378046687 1763036948517
1604388057687 1763047949517
1604438112687 1763102954517
1604448123687 1763113955517
1604458134687 1763124956517
1604468145687 1763135957517
1604478156687 1763146958517
1604488167687 1763157959517
1604528211687 1763201963517
1604538222687 1763212964517
1604548233687 1763223965517
1604558244687 1763234966517
1604568255687 1763245967517
1604578266687 1763256968517
1604588277687 1763267969517
1604618310687 1763300972517
1604628321687 1763311973517
1604638332687 1763322974517
1604648343687 1763333975517
1604658354687 1763344976517
1604668365687 1763355977517
1604678376687 1763366978517
1604688387687 1763377979517
1604718420687 1763410982517
1604728431687 1763421983517
1604738442687 1763432984517
1604748453687 1763443985517
1604758464687 1763454986517
1604768475687 1763465987517
1604778486687 1763476988517
1604788497687 1763487989517
1604818530687 1763520992517
1604828541687 1763531993517
1604838552687 1763542994517
1604848563687 1763553995517
1604858574687 1763564996517
1604868585687 1763575997517
1604878596687 1763586998517
1605171765687 1765687160517
1607851876687 1766886078517
1608758617687 1767707679517
1609517017687 1768701609517
1609668616687 1768707588517
1609769727687 1768818689517
1610098762987 1787189950117
1610188772987 1787289860117
1610197773987 1787299851117
1610278782987 1787389770117
1610287783987 1787399761117
1610368792987 1787489680117
1610377793987 1787499671117
1610718012987 1770003881817
1610728023987 1770014882817
1610738034987 1770025883817
1610748045987 1770036884817
1610758056987 1770047885817
1610768067987 1770058886817
1610778078987 1770069887817
1610788601987 1786008986117
1610808111987 1770102890817
1610818122987 1770113891817
1610828133987 1770124892817
1610838144987 1770135893817
1610848155987 1770146894817
1610858166987 1770157895817
1610868177987 1770168896817
1610878188987 1770179897817
1610879611987 1786109896117
1610888712987 1786119987117
1611016729987 1789837600117
1611088872987 1788288960117
1611097873987 1788298951117
1611178882987 1788388870117
1611187883987 1788398861117
1611268892987 1788488780117
1611277893987 1788498771117
1611629013987 1771004972817
1611639024987 1771015973817
1611649035987 1771026974817
1611659046987 1771037975817
1611669057987 1771048976817
1611679068987 1771059977817
1611689600987 1787007995117
1611701788987 1788987016117
1611719112987 1771103981817
1611729123987 1771114982817
1611739134987 1771125983817
1611749145987 1771136984817
1611759156987 1771147985817
1611769167987 1771158986817
1611779178987 1771169987817
1611789711987 1787118996117
1611809211987 1771202990817
1611819222987 1771213991817
1611829233987 1771224992817
1611839244987 1771235993817
1611849255987 1771246994817
1611859266987 1771257995817
1611869277987 1771268996817
1611879288987 1771279997817
1611889822987 1787229997117
1611895288987 1627997960287
1612078982987 1789387970117
1612087983987 1789397961117
1612168992987 1789487880117
1612177993987 1789497871117
1612886289987 1628998861287
1613616011987 1628285100287
1613715012987 1628385001287
1614606021987 1629284110287
1614705022987 1629384011287
1615765609987 1775406978817
1616675608987 1776406887817
1616750082987 1775051198817
1616760193987 1775062299817
1616776719987 1776517988817
1617585607987 1777406796817
1617660072987 1776050288817
1617670183987 1776061389817
1617686718987 1777517897817
1617751071987 1776150197817
1617761182987 1776161298817
1617771293987 1776172399817
1617787829987 1777628998817
1618171779987 1779987161817
1618580173987 1777060479817
1618671172987 1777160388817
1618681283987 1777171489817
1618762171987 1777260297817
1618772282987 1777271398817
1618782393987 1777282499817
1619591273987 1778170579817
1619681877987 1779886196817
1619682272987 1778270488817
1619692383987 1778281589817
1619773271987 1778370397817
1619783382987 1778381498817
1619793493987 1778392599817
1620198911287 1782038980117
1620199812287 1782039971117
1620298922287 1782148981117
1620299823287 1782149972117
1620398933287 1782258982117
1620399834287 1782259973117
1620498944287 1782368983117
1620499845287 1782369974117
1620598955287 1782478984117
1620599856287 1782479975117
1620698966287 1782588985117
1620699867287 1782589976117
1620772060287 1781052186117
1620782071287 1781063187117
1620792082287 1781074188117
1620798977287 1782698986117
1620799878287 1782699977117
1620872170287 1781162196117
1620882181287 1781173197117
1620892192287 1781184198117
1621099911287 1783029980117
1621171783287 1783287162117
1621199922287 1783139981117
1621299933287 1783249982117
1621399944287 1783359983117
1621499955287 1783469984117
1621599966287 1783579985117
1621673050287 1782042276117
1621683061287 1782053277117
1621693072287 1782064278117
1621699977287 1783689986117
1621773160287 1782152286117
1621783171287 1782163287117
1621793182287 1782174288117
1621799988287 1783799987117
1621873270287 1782262296117
1621883281287 1782273297117
1621893292287 1782284298117
1622574040287 1783032366117
1622584051287 1783043367117
1622594062287 1783054368117
1622674150287 1783142376117
1622684161287 1783153377117
1622694172287 1783164378117
1622774260287 1783252386117
1622784271287 1783263387117
1622794282287 1783274388117
1622874370287 1783362396117
1622884381287 1783373397117
1622894392287 1783384398117
1623475030287 1784022456117
1623485041287 1784033457117
1623495052287 1784044458117
1623575140287 1784132466117
1623585151287 1784143467117
1623595162287 1784154468117
1623675250287 1784242476117
1623685261287 1784253477117
1623695272287 1784264478117
1623775360287 1784352486117
1623785371287 1784363487117
1623795382287 1784374488117
1623875470287 1784462496117
1623885481287 1784473497117
1623895492287 1784484498117
1624376020287 1785012546117
1624386031287 1785023547117
1624396042287 1785034548117
1624476130287 1785122556117
1624486141287 1785133557117
1624496152287 1785144558117
1624576240287 1785232566117
1624586251287 1785243567117
1624596262287 1785254568117
1624676350287 1785342576117
1624686361287 1785353577117
1624696372287 1785364578117
1624776460287 1785452586117
1624786471287 1785463587117
1624796482287 1785474588117
1624876570287 1785562596117
1624886581287 1785573597117
1624896592287 1785584598117
1625277010287 1786002636117
1625278808287 1771537971817
1625287021287 1786013637117
1625297032287 1786024638117
1625377120287 1786112646117
1625387131287 1786123647117
1625397142287 1786134648117
1625477230287 1786222656117
1625487241287 1786233657117
1625497252287 1786244658117
1625577340287 1786332666117
1625587351287 1786343667117
1625597362287 1786354668117
1625677450287 1786442676117
1625687461287 1786453677117
1625697472287 1786464678117
1625777560287 1786552686117
1625787571287 1786563687117
1625797582287 1786574688117
1625800339287 1770530339817
1625810449287 1770541349817
1625820559287 1770552359817
1625830669287 1770563369817
1625840779287 1770574379817
1625850889287 1770585389817
1625860999287 1770596399817
1625877670287 1786662696117
1625887681287 1786673697117
1625897692287 1786684698117
1625901439287 1770640439817
1625910538287 1770650348817
1625911549287 1770651449817
1625920648287 1770661358817
1625921659287 1770662459817
1625930758287 1770672368817
1625931769287 1770673469817
1625940868287 1770683378817
1625941879287 1770684479817
1625950978287 1770694388817
1625951989287 1770695489817
1626126807287 1772637610817
1626187907287 1772528880817
1626188011287 1787003727117
1626198022287 1787014728117
1626217708287 1772736701817
1626278110287 1787102736117
1626288121287 1787113737117
1626288918287 1772638981817
1626298132287 1787124738117
1626378220287 1787212746117
1626388231287 1787223747117
1626398242287 1787234748117
1626478330287 1787322756117
1626488341287 1787333757117
1626498352287 1787344758117
1626578440287 1787432766117
1626588451287 1787443767117
1626598462287 1787454768117
1626678550287 1787542776117
1626688561287 1787553777117
1626698572287 1787564778117
1626700129287 1771510229817
1626710239287 1771521239817
1626720349287 1771532249817
1626730459287 1771543259817
1626740569287 1771554269817
1626750679287 1771565279817
1626760789287 1771576289817
1626770899287 1771587299817
1626778660287 1787652786117
1626788671287 1787663787117
1626798682287 1787674788117
1626801229287 1771620329817
1626810328287 1771630238817
1626811339287 1771631339817
1626820438287 1771641248817
1626821449287 1771642349817
1626830548287 1771652258817
1626831559287 1771653359817
1626840658287 1771663268817
1626841669287 1771664369817
1626850768287 1771674278817
1626851779287 1771675379817
1626860878287 1771685288817
1626861889287 1771686389817
1626870988287 1771696298817
1626871999287 1771697399817
1626878770287 1787762796117
1626888781287 1787773797117
1626898792287 1787784798117
1626902329287 1771730429817
1626911428287 1771740338817
1626912439287 1771741439817
1626920527287 1771750247817
1626921538287 1771751348817
1626922549287 1771752449817
1626930637287 1771761257817
1626931648287 1771762358817
1626932659287 1771763459817
1626940747287 1771772267817
1626941758287 1771773368817
1626942769287 1771774469817
1626950857287 1771783277817
1626951868287 1771784378817
1626952879287 1771785479817
1626960967287 1771794287817
1626961978287 1771795388817
1626962989287 1771796489817
1627035817287 1773628520817
1627099012287 1788004818117
1627126718287 1773727611817
1627189111287 1788103827117
1627199122287 1788114828117
1627217619287 1773826702817
1627279210287 1788202836117
1627289221287 1788213837117
1627299232287 1788224838117
1627379320287 1788312846117
1627389331287 1788323847117
1627399342287 1788334848117
1627479430287 1788422856117
1627489441287 1788433857117
1627499452287 1788444858117
1627579540287 1788532866117
1627589551287 1788543867117
1627599562287 1788554868117
1627610029287 1772501129817
1627620139287 1772512139817
1627630249287 1772523149817
1627640359287 1772534159817
1627650469287 1772545169817
1627660579287 1772556179817
1627670689287 1772567189817
1627679650287 1788642876117
1627680799287 1772578199817
1627689661287 1788653877117
1627699672287 1788664878117
1627701019287 1772600219817
1627710118287 1772610128817
1627711129287 1772611229817
1627720228287 1772621138817
1627721239287 1772622239817
1627730338287 1772632148817
1627731349287 1772633249817
1627740448287 1772643158817
1627741459287 1772644259817
1627750558287 1772654168817
1627751569287 1772655269817
1627760668287 1772665178817
1627761679287 1772666279817
1627770778287 1772676188817
1627771789287 1772677289817
1627779760287 1788752886117
1627780888287 1772687198817
1627781899287 1772688299817
1627789771287 1788763887117
1627799782287 1788774888117
1627802119287 1772710319817
1627811218287 1772720228817
1627812229287 1772721329817
1627817177287 1772871627817
1627820317287 1772730137817
1627821328287 1772731238817
1627822339287 1772732339817
1627830427287 1772741147817
1627831438287 1772742248817
1627832449287 1772743349817
1627840537287 1772752157817
1627841548287 1772753258817
1627842559287 1772754359817
1627850647287 1772763167817
1627851658287 1772764268817
1627852669287 1772765369817
1627860757287 1772774177817
1627861768287 1772775278817
1627862779287 1772776379817
1627870867287 1772785187817
1627871878287 1772786288817
1627872889287 1772787389817
1627879870287 1788862896117
1627880977287 1772796197817
1627881988287 1772797298817
1627882999287 1772798399817
1627889881287 1788873897117
1627899892287 1788884898117
1627903219287 1772820419817
1627912318287 1772830328817
1627913329287 1772831429817
1627921417287 1772840237817
1627922428287 1772841338817
1627923439287 1772842439817
1627930516287 1772850146817
1627931527287 1772851247817
1627932538287 1772852348817
1627933549287 1772853449817
1627940626287 1772861156817
1627941637287 1772862257817
1627942648287 1772863358817
1627943659287 1772864459817
1627950736287 1772872166817
1627951747287 1772873267817
1627952758287 1772874368817
1627953769287 1772875469817
1627960846287 1772883176817
1627961857287 1772884277817
1627962868287 1772885378817
1627963879287 1772886479817
1627970956287 1772894186817
1627971967287 1772895287817
1627972978287 1772896388817
1627973989287 1772897489817
1628035728287 1774718521817
1628126629287 1774817612817
1628530039287 1773503039817
1628540149287 1773514049817
1628550259287 1773525059817
1628560369287 1773536069817
1628570479287 1773547079817
1628580589287 1773558089817
1628590699287 1773569099817
1628620018287 1773601028817
1628621029287 1773602129817
1628630128287 1773612038817
1628631139287 1773613139817
1628640238287 1773623048817
1628641249287 1773624149817
1628650348287 1773634058817
1628651359287 1773635159817
1628660458287 1773645068817
1628661469287 1773646169817
1628670568287 1773656078817
1628671579287 1773657179817
1628680678287 1773667088817
1628681689287 1773668189817
1628690788287 1773678098817
1628691799287 1773679199817
1628711008287 1773700118817
1628712019287 1773701219817
1628720107287 1773710027817
1628721118287 1773711128817
1628722129287 1773712229817
1628730217287 1773721037817
1628731228287 1773722138817
1628732239287 1773723239817
1628740327287 1773732047817
1628741338287 1773733148817
1628742349287 1773734249817
1628750437287 1773743057817
1628751448287 1773744158817
1628752459287 1773745259817
1628760547287 1773754067817
1628761558287 1773755168817
1628762569287 1773756269817
1628770657287 1773765077817
1628771668287 1773766178817
1628772679287 1773767279817
1628780767287 1773776087817
1628781778287 1773777188817
1628782789287 1773778289817
1628790877287 1773787097817
1628791888287 1773788198817
1628792899287 1773789299817
1628803009287 1773800309817
1628812108287 1773810218817
1628813119287 1773811319817
1628821207287 1773820127817
1628822218287 1773821228817
1628823229287 1773822329817
1628830306287 1773830036817
1628831317287 1773831137817
1628832328287 1773832238817
1628833339287 1773833339817
1628840416287 1773841046817
1628841427287 1773842147817
1628842438287 1773843248817
1628843449287 1773844349817
1628850526287 1773852056817
1628851537287 1773853157817
1628852548287 1773854258817
1628853559287 1773855359817
1628860636287 1773863066817
1628861647287 1773864167817
1628862658287 1773865268817
1628863669287 1773866369817
1628870746287 1773874076817
1628871757287 1773875177817
1628872768287 1773876278817
1628873779287 1773877379817
1628880856287 1773885086817
1628881867287 1773886187817
1628882878287 1773887288817
1628883889287 1773888389817
1628890966287 1773896096817
1628891977287 1773897197817
1628892988287 1773898298817
1628893999287 1773899399817
1628904109287 1773910409817
1628913208287 1773920318817
1628914219287 1773921419817
1628922307287 1773930227817
1628923318287 1773931328817
1628924329287 1773932429817
1628931406287 1773940136817
1628932417287 1773941237817
1628933428287 1773942338817
1628934439287 1773943439817
1628940505287 1773950045817
1628941516287 1773951146817
1628942527287 1773952247817
1628943538287 1773953348817
1628944549287 1773954449817
1628950615287 1773961055817
1628951626287 1773962156817
1628952637287 1773963257817
1628953648287 1773964358817
1628954659287 1773965459817
1628960725287 1773972065817
1628961736287 1773973166817
1628962747287 1773974267817
1628963758287 1773975368817
1628964769287 1773976469817
1628970835287 1773983075817
1628971846287 1773984176817
1628972857287 1773985277817
1628973868287 1773986378817
1628974879287 1773987479817
1628980945287 1773994085817
1628981956287 1773995186817
1628982967287 1773996287817
1628983978287 1773997388817
1628984989287 1773998489817
1629035639287 1775808522817
1629541039287 1774604039817
1629551149287 1774615049817
1629561259287 1774626059817
1629571369287 1774637069817
1629581479287 1774648079817
1629591589287 1774659089817
1629631018287 1774702028817
1629632029287 1774703129817
1629641128287 1774713038817
1629642139287 1774714139817
1629651238287 1774724048817
1629652249287 1774725149817
1629661348287 1774735058817
1629662359287 1774736159817
1629671458287 1774746068817
1629672469287 1774747169817
1629681568287 1774757078817
1629682579287 1774758179817
1629691678287 1774768088817
1629692689287 1774769189817
1629722008287 1774801118817
1629723019287 1774802219817
1629731107287 1774811027817
1629732118287 1774812128817
1629733129287 1774813229817
1629741217287 1774822037817
1629742228287 1774823138817
1629743239287 1774824239817
1629751327287 1774833047817
1629752338287 1774834148817
1629753349287 1774835249817
1629761437287 1774844057817
1629762448287 1774845158817
1629763459287 1774846259817
1629771547287 1774855067817
1629772558287 1774856168817
1629773569287 1774857269817
1629781657287 1774866077817
1629782668287 1774867178817
1629783679287 1774868279817
1629791767287 1774877087817
1629792778287 1774878188817
1629793789287 1774879289817
1629814009287 1774901309817
1629823108287 1774911218817
1629824119287 1774912319817
1629832207287 1774921127817
1629833218287 1774922228817
1629834229287 1774923329817
1629841306287 1774931036817
1629842317287 1774932137817
1629843328287 1774933238817
1629844339287 1774934339817
1629851416287 1774942046817
1629852427287 1774943147817
1629853438287 1774944248817
1629854449287 1774945349817
1629861526287 1774953056817
1629862537287 1774954157817
1629863548287 1774955258817
1629864559287 1774956359817
1629871636287 1774964066817
1629872647287 1774965167817
1629873658287 1774966268817
1629874669287 1774967369817
1629881746287 1774975076817
1629882757287 1774976177817
1629883768287 1774977278817
1629884779287 1774978379817
1629891856287 1774986086817
1629892867287 1774987187817
1629893878287 1774988288817
1629894889287 1774989389817
1630756030587 1792023483417
1630766041587 1792034484417
1630776052587 1792045485417
1630786063587 1792056486417
1630796074587 1792067487417
1630856140587 1792133493417
1630866151587 1792144494417
1630876162587 1792155495417
1630886173587 1792166496417
1630896184587 1792177497417
1631657020587 1793013573417
1631667031587 1793024574417
1631677042587 1793035575417
1631687053587 1793046576417
1631697064587 1793057577417
1631757130587 1793123583417
1631767141587 1793134584417
1631777152587 1793145585417
1631787163587 1793156586417
1631797174587 1793167587417
1631857240587 1793233593417
1631867251587 1793244594417
1631877262587 1793255595417
1631887273587 1793266596417
1631897284587 1793277597417
1632558010587 1794003663417
1632568021587 1794014664417
1632578032587 1794025665417
1632588043587 1794036666417
1632598054587 1794047667417
1632658120587 1794113673417
1632668131587 1794124674417
1632678142587 1794135675417
1632688153587 1794146676417
1632698164587 1794157677417
1632758230587 1794223683417
1632768241587 1794234684417
1632778252587 1794245685417
1632788263587 1794256686417
1632798274587 1794267687417
1632858340587 1794333693417
1632868351587 1794344694417
1632878362587 1794355695417
1632888373587 1794366696417
1632898384587 1794377697417
1633469011587 1795004754417
1633479022587 1795015755417
1633489033587 1795026756417
1633499044587 1795037757417
1633559110587 1795103763417
1633569121587 1795114764417
1633579132587 1795125765417
1633589143587 1795136766417
1633599154587 1795147767417
1633659220587 1795213773417
1633669231587 1795224774417
1633679242587 1795235775417
1633689253587 1795246776417
1633699264587 1795257777417
1633759330587 1795323783417
1633769341587 1795334784417
1633779352587 1795345785417
1633789363587 1795356786417
1633799374587 1795367787417
1633859440587 1795433793417
1633869451587 1795444794417
1633879462587 1795455795417
1633889473587 1795466796417
1633899484587 1795477797417
1634171797587 1797587163417
1640655771887 1654065787187
1640765882887 1654176798187
1641646770887 1655064886187
1641756881887 1655175897187
1642316401887 1657246400187
1642415402887 1657346301187
1642514403887 1657446202187
1642613404887 1657546103187
1642712405887 1657646004187
1642747880887 1656174996187
1643306411887 1658245410187
1643405412887 1658345311187
1643504413887 1658445212187
1643603414887 1658545113187
1643702415887 1658645014187
1670374730787 1684027656087
1670484841787 1684138667087
1670594952787 1684249678087
1671475840787 1685137766087
1671585951787 1685248777087
1672006801787 1687206710087
1672105802787 1687306611087
1672204803787 1687406512087
1672303804787 1687506413087
1672402805787 1687606314087
1672501806787 1687706215087
1672576950787 1686247876087
1672600807787 1687806116087
1677262508787 1678636061787
1700000001717 1717000000017
1700000018717 1718700000017
1700000171717 1717170000017
1700000188717 1718870000017
1700001701717 1717017000017
1700001718717 1718717000017
1700001871717 1717187000017
1700001888717 1718887000017
1700017001717 1717001700017
1700017018717 1718701700017
1700017171717 1717171700017
1700017188717 1718871700017
1700018701717 1717018700017
1700018718717 1718718700017
1700018871717 1717188700017
1700018888717 1718888700017
1700170001717 1717000170017
1700170018717 1718700170017
1700170171717 1717170170017
1700170188717 1718870170017
1700171701717 1717017170017
1700171718717 1718717170017
1700171871717 1717187170017
1700171888717 1718887170017
1700187001717 1717001870017
1700187018717 1718701870017
1700187171717 1717171870017
1700187188717 1718871870017
1700188701717 1717018870017
1700188718717 1718718870017
1700188871717 1717188870017
1700188888717 1718888870017
1700277262717 1717262861017
1700367353717 1717353852017
1700457444717 1717444843017
1700547535717 1717535834017
1700611160717 1716071106017
1700637626717 1717626825017
1700710161717 1716171007017
1700727717717 1717717816017
1700817808717 1717808807017
1700887617717 1717707886017
1701070279717 1719780161017
1701088081717 1718081780017
1701178172717 1718172771017
1701188802717 1718028871017
1701268263717 1718263762017
1701358354717 1718354753017
1701448445717 1718445744017
1701538536717 1718536735017
1701601170717 1717070116017
1701628627717 1718627726017
1701700001717 1717000017017
1701700018717 1718700017017
1701700171717 1717170017017
1701700188717 1718870017017
1701701701717 1717017017017
1701701718717 1718717017017
1701701871717 1717187017017
1701701888717 1718887017017
1701717001717 1717001717017
1701717018717 1718701717017
1701717171717 1717171717017
1701717188717 1718871717017
1701718701717 1717018717017
1701718718717 1718718717017
1701718871717 1717188717017
1701718888717 1718888717017
1701808809717 1718809708017
1701818802717 1717119718017
1701870001717 1717000187017
1701870018717 1718700187017
1701870171717 1717170187017
1701870188717 1718870187017
1701871701717 1717017187017
1701871718717 1718717187017
1701871871717 1717187187017
1701871888717 1718887187017
1701887001717 1717001887017
1701887018717 1718701887017
1701887171717 1717171887017
1701887188717 1718871887017
1701888701717 1717018887017
1701888718717 1718718887017
1701888871717 1717188887017
1701888888717 1718888887017
1702079082717 1719082681017
1702169173717 1719173672017
1702188903717 1719038872017
1702259264717 1719264663017
1702349355717 1719355654017
1702439446717 1719446645017
1702529537717 1719537636017
1702619628717 1719628627017
1702709719717 1719719618017
1702719711717 1718028727017
1702819812717 1718129728017
1702889819717 1719729888017
1710288118017 1711811971017
1741196594917 1758590973217
1741286685917 1758681964217
1741376776917 1758772955217
1741466867917 1758863946217
1741556958917 1758954937217
1742187595917 1759591874217
1742277686917 1759682865217
1742367777917 1759773856217
1742457868917 1759864847217
1742547959917 1759955838217
1770196887817 1787880976117
1770286978817 1787971967117
1771010771817 1787110707117
1771097797817 1788790886117
1771187888817 1788881877117
1771277979817 1788972868117
1772088798817 1789791787117
1772178889817 1789882778117
1820398295747 1838583891047
1820488386747 1838674882047
1820504341747 1837054214047
1820578477747 1838765873047
1820603342747 1837154115047
1820668568747 1838856864047
1820702343747 1837254016047
1820758659747 1838947855047
1821389296747 1839584792047
1821479387747 1839675783047
1821569478747 1839766774047
1821659569747 1839857765047
1861114551947 1878033604247
1861213552947 1878133505247
1861312553947 1878233406247
1861411554947 1878333307247
1861510555947 1878433208247
1862104561947 1879032614247
1862203562947 1879132515247
1862302563947 1879232416247
1862401564947 1879332317247
1862500565947 1879432218247
1930507322877 1948057212177
1930606323877 1948157113177
1930705324877 1948257014177
3000803200969 3230869000009
3000813203969 3231869300009
3000823206969 3232869600009
3000833209969 3233869900009
3000903230969 3230969030009
3000913233969 3231969330009
3000923236969 3232969630009
3000933239969 3233969930009
3000993096969 3030969990069
3001485162969 3221489760309
3001803500969 3230879003009
3001813503969 3231879303009
3001823506969 3232879603009
3001833509969 3233879903009
3001903530969 3230979033009
3001913533969 3231979333009
3001923536969 3232979633009
3001933539969 3233979933009
3002068180969 3200248960909
3002309096969 3200309696909
3002533852969 3220355896309
3002585295969 3222589893309
3002803800969 3230889006009
3002813803969 3231889306009
3002823806969 3232889606009
3002833809969 3233889906009
3002903830969 3230989036009
3002913833969 3231989336009
3002923836969 3232989636009
3002933839969 3233989936009
3003036906969 3030036969069
3003059183969 3201239963909
3003230900969 3230030969009
3003693309969 3033699903069
3004037916969 3031046979069
3004328640969 3234468690009
3004376161969 3213698530609
3004867012969 3014789020669
3004966242969 3014888250669
3005038926969 3032056989069
3005477394969 3214799763609
3005958542969 3014898173669
3006039936969 3033066999069
3006099333969 3033399906069
3006323960969 3236693690009
3006523382969 3226985360309
3006903036969 3036969030069
3007035309969 3239499303009
3007326963969 3237696693009
3007526485969 3227988463309
3007905336969 3036979053069
3008329966969 3238699696009
3008369273969 3206987633909
3008907636969 3036989076069
3009000323969 3239690003009
3009010353969 3239790303009
3009020383969 3239890603009
3009092306969 3209696300909
3009909936969 3036999099069
3010661751669 3230685753009
3010805200669 3220867000309
3010815203669 3221867300309
3010825206669 3222867600309
3010835209669 3223867900309
3010894464669 3020886762369
3010905230669 3220967030309
3010915233669 3221967330309
3010925236669 3222967630309
3010932681669 3230976483009
3010935239669 3223967930309
3010985394669 3020977692369
3010994487669 3021886992369
3011127834669 3020127855369
3011805500669 3220877003309
3011815503669 3221877303309
3011825506669 3222877603309
3011835509669 3223877903309
3011894694669 3020986785369
3011905530669 3220977033309
3011915533669 3221977333309
3011925536669 3222977633309
3011935539669 3223977933309
3012036927669 3021036948369
3012230903669 3221030966309
3012805800669 3220887006309
3012815803669 3221887306309
3012825806669 3222887606309
3012835809669 3223887906309
3012905830669 3220987036309
3012915833669 3221987336309
3012925836669 3222987636309
3012935839669 3223987936309
3013529974669 3022539895369
3013641981669 3233883783009
3013695507669 3023697705369
3014248470669 3224548860309
3014449082669 3214849640609
3015044295669 3213224679609
3015048957669 3024057978369
3015049741669 3235247983009
3015109836669 3033127698069
3015199524669 3024299715369
3016253690669 3226763960309
3016452820669 3034672822069
3016750823669 3034972625069
3016925034669 3026947032369
3016935057669 3027949332369
3017055309669 3229479303309
3017256693669 3227766963309
3017660379669 3038795742069
3017752944669 3025871658369
3017837127669 3027859125369
3017927334669 3026957055369
3017937357669 3027959355369
3018026472669 3216402876609
3018056595669 3216434979609
3018259696669 3228769966309
3018470163669 3036872505069
3018571386669 3037884735069
3018839427669 3027869148369
3018929634669 3026967078369
3018939657669 3027969378369
3019030223669 3229660103309
3019040253669 3229760403309
3019050283669 3229860703309
3019130523669 3229670133309
3019140553669 3229770433309
3019150583669 3229870733309
3019230823669 3229680163309
3019240853669 3229780463309
3019250883669 3229880763309
3019432850669 3037670852069
3019482393669 3036973728069
3019730853669 3037970655069
3020807200369 3210865000609
3020817203369 3211865300609
3020827206369 3212865600609
3020837209369 3213865900609
3020907230369 3210965030609
3020917233369 3211965330609
3020927236369 3212965630609
3020937239369 3213965930609
3021230906369 3212030963609
3021807500369 3210875003609
3021817503369 3211875303609
3021827506369 3212875603609
3021837509369 3213875903609
3021907530369 3210975033609
3021917533369 3211975333609
3021927536369 3212975633609
3021937539369 3213975933609
3022174904369 3224176940309
3022229074369 3222209476309
3022385095369 3233589256009
3022473827369 3224495843309
3022502907369 3222320949309
3022807800369 3210885006609
3022817803369 3211885306609
3022827806369 3212885606609
3022837809369 3213885906609
3022907830369 3210985036609
3022917833369 3211985336609
3022927836369 3212985636609
3022937839369 3213985936609
3023083128369 3236297223009
3023602158369 3236954223009
3023771056369 3034783351069
3023872179369 3035794581069
3024094158369 3236398326009
3024170679369 3214163499609
3024580040369 3032862014069
3024681163369 3033873244069
3024690356369 3034792544069
3024773093369 3033965174069
3024782286369 3034884474069
3025166827369 3227368843309
3025193757369 3227397573309
3025222914369 3225220776309
3025591270369 3032963137069
3025624950369 3034734861069
3025692393369 3033974367069
3026050518369 3206232156909
3026080748369 3206264186909
3026352818369 3206552456909
3026539073369 3215947136609
3026760327369 3028582341369
3027075309369 3219459303609
3027161856369 3217342596609
3027772557369 3028683564369
3028710523369 3037830334069
3028720646369 3038842634069
3028730769369 3039854934069
3028811753369 3037931564069
3028821876369 3038943864069
3029060123369 3219630203609
3029070153369 3219730503609
3029073518369 3209435156909
3029080183369 3219830803609
3029160423369 3219640233609
3029170453369 3219740533609
3029180483369 3219840833609
3029216902369 3238430389009
3029260723369 3219650263609
3029270753369 3219750563609
3029280783369 3219850863609
3029375818369 3209755456909
3029631716369 3038751527069
3029641839369 3039763827069
3029722823369 3037840457069
3029732946369 3038852757069
3030092323069 3232096303009
3030230909069 3203030960909
3030258608069 3222068906309
3030809200069 3200863000909
3030819203069 3201863300909
3030829206069 3202863600909
3030839209069 3203863900909
3030909230069 3200963030909
3030919233069 3201963330909
3030929236069 3202963630909
3030939239069 3203963930909
3031809500069 3200873003909
3031819503069 3201873303909
3031829506069 3202873603909
3031839509069 3203873903909
3031909530069 3200973033909
3031919533069 3201973333909
3031929536069 3202973633909
3031939539069 3203973933909
3032177707069 3214179703609
3032319743069 3234317963009
3032323090069 3232303096009
3032349466069 3234349666009
3032427177069 3212447139609
3032616973069 3234634993009
3032646696069 3234666696009
3032727354069 3212765136609
3032809800069 3200883006909
3032819803069 3201883306909
3032829806069 3202883606909
3032839809069 3203883906909
3032909830069 3200983036909
3032919833069 3201983336909
3032929836069 3202983636909
3032939839069 3203983936909
3033082215069 3225186003309
3033183318069 3226197033309
3034093245069 3225287106309
3034194348069 3226298136309
3034231827069 3216211863609
3034714245069 3225842136309
3035055183069 3235215369009
3035325390069 3235503396009
3035505718069 3226511839309
3035618996069 3237836996009
3035729124069 3215945106609
3035836678069 3226964569309
3036277081069 3214657009609
3037095309069 3209439303909
3038057483069 3238415669009
3038096147069 3218458109609
3038234725069 3229412566309
3038327690069 3238703696009
3038537948069 3229734869309
3039090023069 3209600303909
3039190323069 3209610333909
3039290623069 3209620363909
3039390923069 3209630393909
3040595462769 3150789534339
3040696475769 3151799664339
3041145385769 3141126587639
3041268215769 3163479531039
3041750232769 3152973211339
3041786572769 3141898454639
3041902572769 3140922187639
3042227832769 3152215984339
3042288428769 3164499744039
3042651632769 3153873621339
3043228015769 3165559121039
3044126572769 3144205784639
3044156685769 3144236887639
3045630762769 3156961651339
3045798692769 3134997477939
3045854708769 3146984607639
3046140628769 3137130557939
3046170758769 3137161587939
3046345862769 3157665861339
3046441928769 3137440857939
3046545272769 3147846441639
3047358875769 3158678874339
3047558385769 3148859554639
3047563392769 3137832664939
3048466175769 3138735447939
3048591715769 3139691444939
3050409374469 3132309552939
3050686661469 3140698335639
3051368324469 3153379422339
3051510371469 3151500285339
3051540584469 3151531488339
3051584087469 3163797165039
3051664454469 3153685452339
3051696791469 3140799348639
3051960584469 3153991482339
3052174274469 3142257228639
3052388537469 3154399635339
3052476161469 3142568025639
3052644287469 3143554188639
3052943474469 3143862285639
3053338024469 3155449112339
3054329624469 3156439722339
3054531671469 3154620585339
3054561884469 3154651788339
3054625754469 3156745752339
3054655367469 3156776355339
3055044924469 3156032965339
3055109044469 3167429042039
3055586197469 3156788168339
3055636157469 3146635158639
3055935344469 3146943255639
3055968587469 3146977488639
3056575091469 3137816622939
3057552971469 3157740885339
3057616667469 3159836655339
3058628027469 3149716128639
3059048714469 3169242588039
3059618241469 3159814075339
3060448220169 3142259100639
3061056273169 3162027376039
3061086286169 3162058379039
3061468433169 3143279313639
3062488646169 3144299526639
3063381116169 3155292006339
3063448033169 3145339103639
3064057573169 3165127676039
3064087586169 3165158679039
3064401860169 3166510770039
3065123516169 3157012626339
3065426729169 3157324929339
3066618893169 3158607993339
3067058873169 3168227976039
3067088886169 3168258979039
3067495229169 3149285049639
3067538876169 3159527976339
3067558076169 3158537079339
3068217313169 3169303256039
3068849633169 3148603689639
3131109252939 3141008292639
3131598357939 3153598791339
3132109155939 3142008195639
3133109058939 3143008098639
3133394619939 3164696916039
3134587355939 3145598462639
3136155606939 3166485606039
3139226619939 3169586319039
3140144049639 3150123279339
3141943214639 3142943411639
3141953317639 3143953711639
3142238502639 3162438522039
3142963617639 3143963814639
3143258705639 3163458725039
3144278908639 3164478928039
3145318515639 3165538335039
3146265606639 3156375606339
3146339718639 3166559538039
3148627077639 3149729244639
3148908443639 3157927076339
3149066436639 3159185436339
3149346519639 3159466419339
3149819416639 3158838049339
3151079724339 3161168844039
3152098827339 3162187947039
3152940375339 3153950472339
3152950578339 3154970772339
3153970878339 3154980975339
3156503831339 3165602654039
3157422904339 3166521727039
3157507368339 3158619435339
3161167026039 3162085053039
3162410166039 3164450160039
3162420469039 3165480460039
3162513196039 3164553190039
3162523499039 3165583490039
3163440466039 3164460463039
3163450769039 3165490763039
3163543496039 3164563493039
3163553799039 3165593793039
3170359013739 3292304395209
3170460389739 3294993235209
3170568636739 3282446876509
3170640183739 3270533057809
3170931430739 3270843114809
3170941623739 3271862414809
3170951816739 3272881714809
3171165750739 3283356830509
3171249943739 3294547962209
3171377006739 3293322388209
3171586729739 3283464969509
3171645950739 3282624973509
3171950730739 3270853307809
3171960923739 3271872607809
3172259780739 3284449870509
3172287773739 3284478853509
3172595696739 3284797666509
3172602613739 3284711523509
3172613936739 3285843823509
3172715843739 3284824753509
3172817750739 3283805683509
3172928076739 3274948064809
3173734913739 3284722846509
3173782483739 3273774357809
3173836820739 3283703776509
3174162360739 3275344511809
3175285483739 3276467634809
3175394996739 3287695966509
3175553060739 3275522164809
3176893360739 3276983244809
3177090746739 3279282724809
3177191816739 3279181654809
3178090216739 3279160317809
3180437144439 3282226264509
3180623821439 3282421851509
3180647757439 3272367755809
3181455137439 3283244257509
3181771367439 3283682257509
3181874297439 3283785187509
3182067087439 3295369046209
3182803504439 3274510632809
3182814827439 3275642932809
3182916734439 3274623862809
3183935804439 3274521955809
3187587074439 3288657157509
3187868081439 3288947074509
3190515275139 3272148133809
3191533268139 3273166126809
3200903232909 3232909032009
3203095323909 3235093923009
3203185414909 3235184914009
3203232900909 3232032909009
3203275505909 3235275905009
3204086324909 3236094824009
3204176415909 3236185815009
3204233910909 3233042919009
3204266506909 3236276806009
3204323059909 3239567050009
3205077325909 3237095725009
3205167416909 3237186716009
3205234920909 3234052929009
3205257507909 3237277707009
3206068326909 3238096626009
3206158417909 3238187617009
3206235930909 3235062939009
3206248508909 3238278608009
3207059327909 3239097527009
3207149418909 3239188518009
3207236940909 3236072949009
3207239509909 3239279509009
3208237950909 3237082959009
3209238960909 3238092969009
3271730833809 3281922715509
3271749276809 3282949275509
3271832650809 3280904545509
3272447602809 3292605646209
3272850820809 3280802728509
3272963950809 3280915858509
3276157963809 3287275792509
3280290796509 3290796508209
3280380066509 3290662038209
3280380179509 3291792038209
3280381196509 3290775038209
3280390236509 3290560338209
3280390349509 3291690338209
3280391366509 3290673338209
3280392496509 3290786338209
3280492049509 3291680168209
3280493066509 3290663168209
3280493179509 3291793168209
3280494196509 3290776168209
3286549306509 3296637238209
3346231720979 3376651702079
3346330721979 3376751603079
3347221730979 3377650712079
3347320731979 3377750613079
3449034493449 3449344903449
3640893673989 3673989364089
3643235710989 3676355701089
3643334711989 3676455602089
3643433712989 3676555503089
3643532713989 3676655404089
3643631714989 3676755305089
3643730715989 3676855206089
3644225720989 3677354711089
3644324721989 3677454612089
3644423722989 3677554513089
3644522723989 3677654414089
3644621724989 3677754315089
3644720725989 3677854216089
3645215730989 3678353721089
3645314731989 3678453622089
3645413732989 3678553523089
3645512733989 3678653424089
3645611734989 3678753325089
3645710735989 3678853226089
3646205740989 3679352731089
3646304741989 3679452632089
3646403742989 3679552533089
3646502743989 3679652434089
3646601744989 3679752335089
3646700745989 3679852236089
3712533440959 3746283404059
3712632441959 3746383305059
3712731442959 3746483206059
3712830443959 3746583107059
3713523450959 3747282414059
3713622451959 3747382315059
3713721452959 3747482216059
3713820453959 3747582117059
3714513460959 3748281424059
3714612461959 3748381325059
3714711462959 3748481226059
3714810463959 3748581127059
3715503470959 3749280434059
3715602471959 3749380335059
3715701472959 3749480236059
3715800473959 3749580137059
3759037593759 3759375903759
3821431570929 3856171507029
3821530571929 3856271408029
3822421580929 3857170517029
3822520581929 3857270418029
3900639300999 3936099300099
3900738301999 3936199201099
3900769333999 3937399630099
3900837302999 3936299102099
3900899366999 3938699960099
3900936303999 3936399003099
3901629310999 3937098310099
3901728311999 3937198211099
3901827312999 3937298112099
3901926313999 3937398013099
3902619320999 3938097320099
3902718321999 3938197221099
3902817322999 3938297122099
3902855126999 3928857500399
3902916323999 3938397023099
3903609330999 3939096330099
3903708331999 3939196231099
3903807332999 3939296132099
3903906333999 3939396033099
3912459300699 3924279300399
3912589333699 3925579630399
3912757203699 3924578103399
3915438330699 3927267330399
3915736233699 3927566133399
3920575830399 3932387550099
3921956590399 3932792953099
3923861863399 3935683483099