1000080100707 1010070800007
1000108000707 1010008070007
1000180107707 1011070870007
1000701010707 1010707010007
1000711017707 1011707710007
1000801080707 1010807080007
1000811087707 1011807780007
1001010700707 1010010707007
1001071101707 1011071701007
1001080170707 1010170807007
1001108007707 1011008077007
1001108101707 1011018071007
1001110801707 1010111708007
1001180177707 1011170877007
1001210902707 1010212709007
1001701710707 1010717017007
1001711717707 1011717717007
1001801780707 1010817087007
1001811787707 1011817787007
1002011710707 1011020717007
1002062102707 1012072602007
1002108202707 1012028072007
1002109108707 1012019078007
1002111811707 1011121718007
1002211912707 1011222719007
1002901891707 1011927098007
1003012720707 1012030727007
1003053103707 1013073503007
1003108303707 1013038073007
1003112821707 1012131728007
1003212922707 1012232729007
1004013730707 1013040737007
1004044104707 1014074404007
1004108404707 1014048074007
1004113831707 1013141738007
1004213932707 1013242739007
1005014740707 1014050747007
1005035105707 1015075305007
1005108505707 1015058075007
1005114841707 1014151748007
1005214942707 1014252749007
1006015750707 1015060757007
1006026106707 1016076206007
1006101017707 1017167010007
1006101700707 1016071070007
1006108606707 1016068076007
1006115851707 1015161758007
1006215952707 1015262759007
1007000101707 1017070001007
1007001108707 1018077001007
1007010171707 1017170701007
1007011178707 1018177701007
1007016760707 1016070767007
1007017107707 1017077107007
1007100801707 1017080071007
1007101808707 1018087071007
1007108707707 1017078077007
1007110871707 1017180771007
1007111878707 1018187771007
1007116861707 1016171768007
1007170807707 1008077170707
1007216962707 1016272769007
1008007101707 1017071008007
1008008108707 1018078008007
1008017171707 1017171708007
1008017770707 1017080777007
1008018178707 1018178708007
1008107801707 1017081078007
1008108808707 1018088078007
1008117871707 1017181778007
1008118878707 1018188778007
1008217972707 1017282779007
1009018780707 1018090787007
1009108909707 1019098079007
1009118881707 1018191788007
1009218982707 1018292789007
1010171108007 1011080171007
1023172409307 1024093172307
1040366349907 1051694692207
1042080524907 1052490804207
1043071525907 1053491705207
1044062526907 1054492606207
1045053527907 1055493507207
1046044528907 1056494408207
1047035529907 1057495309207
1070000010807 1080700000107
1070000117807 1081770000107
1070001080807 1080807000107
1070001187807 1081877000107
1070010710807 1080710700107
1070010817807 1081780700107
1070011780807 1080817700107
1070011887807 1081887700107
1070107010807 1080701070107
1070107117807 1081771070107
1070108080807 1080808070107
1070108187807 1081878070107
1070117710807 1080711770107
1070117817807 1081781770107
1070118780807 1080818770107
1070118887807 1081888770107
1071070010807 1080700107107
1071070117807 1081770107107
1071071080807 1080807107107
1071071187807 1081877107107
1071080710807 1080710807107
1071080817807 1081780807107
1071081780807 1080817807107
1071081887807 1081887807107
1071177010807 1080701177107
1071177117807 1081771177107
1071178080807 1080808177107
1071178187807 1081878177107
1071187710807 1080711877107
1071187817807 1081781877107
1071188780807 1080818877107
1071188887807 1081888877107
1072071818807 1082781708107
1073062819807 1083782609107
1103480447337 1104473480337
1116481748637 1117486481637
1121390334937 1132592911237
1121480425937 1132683902237
1122381335937 1133593812237
1122471426937 1133684803237
1123372336937 1134594713237
1123462427937 1134685704237
1123701134937 1134937011237
1124363337937 1135595614237
1124453428937 1135686605237
1124824834937 1134948248237
1125354338937 1136596515237
1125444429937 1136687506237
1126223613937 1137383260237
1126345339937 1137597416237
1127222714937 1138392261237
1128248384937 1138494828237
1150390627837 1161882914137
1150480718837 1161973905137
1151291537837 1162792824137
1151371161837 1161837115137
1151381628837 1162883815137
1151471719837 1162974806137
1151486298837 1162988485137
1152282538837 1163793725137
1152372629837 1163884716137
1153273539837 1164794626137
1203790487367 1204873790367
1216791788667 1217886791667
1221053581967 1231033949267
1221691347967 1233895921267
1221781438967 1233986912267
1222682348967 1234896822267
1222772439967 1234987813267
1223673349967 1235897723267
1223782751967 1233796419267
1224279353967 1235397924267
1226701238967 1238967012267
1227724621967 1237660259267
1227927938967 1238979279267
1228836731967 1238781369267
1229837630967 1239790368267
1256036806867 1268482760167
1256111520867 1267530601167
1256179675867 1267587956167
1256210521867 1267630502167
1257035907867 1269491761167
1257252096867 1268784307167
1288079997767 1299777988067
1300294815797 1430179980527
1300393925797 1430288990527
1300394826797 1430289981527
1300493936797 1430398991527
1300494837797 1430399982527
1300971312797 1312797130097
1300983139797 1313979830097
1301294925797 1431279990527
1301315143797 1430003785527
1301325154797 1430014786527
1301335165797 1430025787527
1301345176797 1430036788527
1301355187797 1430047789527
1301394936797 1431389991527
1301405242797 1430102794527
1301415253797 1430113795527
1301425264797 1430124796527
1301435275797 1430135797527
1301445286797 1430146798527
1301455297797 1430157799527
1301494947797 1431499992527
1301884049797 1314889740097
1302226144797 1431004876527
1302236155797 1431015877527
1302246166797 1431026878527
1302256177797 1431037879527
1302316243797 1431103885527
1302326254797 1431114886527
1302336265797 1431125887527
1302346276797 1431136888527
1302356287797 1431147889527
1302406342797 1431202894527
1302416353797 1431213895527
1302426364797 1431224896527
1302436375797 1431235897527
1302446386797 1431246898527
1302456397797 1431257899527
1303137145797 1432005967527
1303147156797 1432016968527
1303157167797 1432027969527
1303227244797 1432104976527
1303237255797 1432115977527
1303247266797 1432126978527
1303257277797 1432137979527
1303317343797 1432203985527
1303327354797 1432214986527
1303337365797 1432225987527
1303347376797 1432236988527
1303357387797 1432247989527
1303407442797 1432302994527
1303417453797 1432313995527
1303427464797 1432324996527
1303437475797 1432335997527
1303447486797 1432346998527
1303457497797 1432357999527
1305271435797 1435797130527
1306336627797 1435405699527
1308552843797 1437983085527
1313128384097 1430139708527
1313501135097 1430430019527
1313511245097 1430441029527
1313521355097 1430452039527
1313531465097 1430463049527
1313541575097 1430474059527
1313551685097 1430485069527
1313561795097 1430496079527
1313602235097 1430540119527
1313611334097 1430550028527
1313612345097 1430551129527
1313621444097 1430561038527
1313622455097 1430562139527
1313631554097 1430572048527
1313632565097 1430573149527
1313641664097 1430583058527
1313642675097 1430584159527
1313651774097 1430594068527
1313652785097 1430595169527
1313703335097 1430650219527
1313712434097 1430660128527
1313713445097 1430661229527
1313721533097 1430670037527
1313722544097 1430671138527
1313723555097 1430672239527
1313731643097 1430681047527
1313732654097 1430682148527
1313733665097 1430683249527
1313741753097 1430692057527
1313742764097 1430693158527
1313743775097 1430694259527
1313804435097 1430760319527
1313813534097 1430770228527
1313814545097 1430771329527
1313822633097 1430780137527
1313823644097 1430781238527
1313824655097 1430782339527
1313831732097 1430790046527
1313832743097 1430791147527
1313833754097 1430792248527
1313834765097 1430793349527
1313905535097 1430870419527
1313914634097 1430880328527
1313915645097 1430881429527
1313923733097 1430890237527
1313924744097 1430891338527
1313925755097 1430892439527
1314502025097 1431520009527
1314512135097 1431531019527
1314522245097 1431542029527
1314532355097 1431553039527
1314542465097 1431564049527
1314552575097 1431575059527
1314562685097 1431586069527
1314572795097 1431597079527
1314603125097 1431630109527
1314612224097 1431640018527
1314613235097 1431641119527
1314622334097 1431651028527
1314623345097 1431652129527
1314632444097 1431662038527
1314633455097 1431663139527
1314642554097 1431673048527
1314643565097 1431674149527
1314652664097 1431684058527
1314653675097 1431685159527
1314662774097 1431695068527
1314663785097 1431696169527
1314704225097 1431740209527
1314713324097 1431750118527
1314714335097 1431751219527
1314722423097 1431760027527
1314723434097 1431761128527
1314724445097 1431762229527
1314732533097 1431771037527
1314733544097 1431772138527
1314734555097 1431773239527
1314742643097 1431782047527
1314743654097 1431783148527
1314744665097 1431784249527
1314752753097 1431793057527
1314753764097 1431794158527
1314754775097 1431795259527
1314805325097 1431850309527
1314814424097 1431860218527
1314815435097 1431861319527
1314823523097 1431870127527
1314824534097 1431871228527
1314825545097 1431872329527
1314832622097 1431880036527
1314833633097 1431881137527
1314834644097 1431882238527
1314835655097 1431883339527
1314842732097 1431891046527
1314843743097 1431892147527
1314844754097 1431893248527
1314845765097 1431894349527
1314906425097 1431960409527
1314915524097 1431970318527
1314916535097 1431971419527
1314924623097 1431980227527
1314925634097 1431981328527
1314926645097 1431982429527
1314933722097 1431990136527
1314934733097 1431991237527
1314935744097 1431992338527
1314936755097 1431993439527
1315513025097 1432621009527
1315523135097 1432632019527
1315533245097 1432643029527
1315543355097 1432654039527
1315553465097 1432665049527
1315563575097 1432676059527
1315573685097 1432687069527
1315583795097 1432698079527
1315613114097 1432730008527
1315614125097 1432731109527
1315623224097 1432741018527
1315624235097 1432742119527
1315633334097 1432752028527
1315634345097 1432753129527
1315643444097 1432763038527
1315644455097 1432764139527
1315653554097 1432774048527
1315654565097 1432775149527
1315663664097 1432785058527
1315664675097 1432786159527
1315673774097 1432796068527
1315674785097 1432797169527
1315714214097 1432840108527
1315715225097 1432841209527
1315723313097 1432850017527
1315724324097 1432851118527
1315725335097 1432852219527
1315733423097 1432861027527
1315734434097 1432862128527
1315735445097 1432863229527
1315743533097 1432872037527
1315744544097 1432873138527
1315745555097 1432874239527
1315753643097 1432883047527
1315754654097 1432884148527
1315755665097 1432885249527
1315763753097 1432894057527
1315764764097 1432895158527
1315765775097 1432896259527
1315815314097 1432950208527
1315816325097 1432951309527
1315824413097 1432960117527
1315825424097 1432961218527
1315826435097 1432962319527
1315833512097 1432970026527
1315834523097 1432971127527
1315835534097 1432972228527
1315836545097 1432973329527
1315843622097 1432981036527
1315844633097 1432982137527
1315845644097 1432983238527
1315846655097 1432984339527
1315853732097 1432992046527
1315854743097 1432993147527
1315855754097 1432994248527
1315856765097 1432995349527
1316524025097 1433722009527
1316534135097 1433733019527
1316544245097 1433744029527
1316554355097 1433755039527
1316564465097 1433766049527
1316574575097 1433777059527
1316584685097 1433788069527
1316594795097 1433799079527
1316624114097 1433831008527
1316625125097 1433832109527
1316634224097 1433842018527
1316635235097 1433843119527
1316644334097 1433853028527
1316645345097 1433854129527
1316654444097 1433864038527
1316655455097 1433865139527
1316664554097 1433875048527
1316665565097 1433876149527
1316674664097 1433886058527
1316675675097 1433887159527
1316684774097 1433897068527
1316685785097 1433898169527
1316724203097 1433940007527
1316725214097 1433941108527
1316726225097 1433942209527
1316734313097 1433951017527
1316735324097 1433952118527
1316736335097 1433953219527
1316744423097 1433962027527
1316745434097 1433963128527
1316746445097 1433964229527
1316754533097 1433973037527
1316755544097 1433974138527
1316756555097 1433975239527
1316764643097 1433984047527
1316765654097 1433985148527
1316766665097 1433986249527
1316774753097 1433995057527
1316775764097 1433996158527
1316776775097 1433997259527
1317535025097 1434823009527
1317545135097 1434834019527
1317555245097 1434845029527
1317565355097 1434856039527
1317575465097 1434867049527
1317585575097 1434878059527
1317595685097 1434889069527
1317635114097 1434932008527
1317636125097 1434933109527
1317645224097 1434943018527
1317646235097 1434944119527
1317655334097 1434954028527
1317656345097 1434955129527
1317665444097 1434965038527
1317666455097 1434966139527
1317675554097 1434976048527
1317676565097 1434977149527
1317685664097 1434987058527
1317686675097 1434988159527
1317695774097 1434998068527
1317696785097 1434999169527
1318546025097 1435924009527
1318556135097 1435935019527
1318566245097 1435946029527
1318576355097 1435957039527
1318586465097 1435968049527
1318596575097 1435979059527
1320175921397 1452046990127
1320176822397 1452047981127
1320177723397 1452048972127
1320178624397 1452049963127
1320185832397 1452057891127
1320186733397 1452058882127
1320187634397 1452059873127
1320195743397 1452068792127
1320196644397 1452069783127
1320275932397 1452156991127
1320276833397 1452157982127
1320277734397 1452158973127
1320278635397 1452159964127
1320285843397 1452167892127
1320286744397 1452168883127
1320287645397 1452169874127
1320295754397 1452178793127
1320296655397 1452179784127
1320375943397 1452266992127
1320376844397 1452267983127
1320377745397 1452268974127
1320378646397 1452269965127
1320385854397 1452277893127
1320386755397 1452278884127
1320387656397 1452279875127
1320395765397 1452288794127
1320396666397 1452289785127
1320442160397 1451022296127
1320452171397 1451033297127
1320462182397 1451044298127
1320472193397 1451055299127
1320475954397 1452376993127
1320476855397 1452377984127
1320477756397 1452378975127
1320478657397 1452379966127
1320485865397 1452387894127
1320486766397 1452388885127
1320487667397 1452389876127
1320495776397 1452398795127
1320496677397 1452399786127
1320575965397 1452486994127
1320576866397 1452487985127
1320577767397 1452488976127
1320578668397 1452489967127
1320585876397 1452497895127
1320586777397 1452498886127
1320587678397 1452499877127
1320675976397 1452596995127
1320676877397 1452597986127
1320677778397 1452598977127
1320678679397 1452599968127
1321076921397 1453037990127
1321077822397 1453038981127
1321078723397 1453039972127
1321086832397 1453048891127
1321087733397 1453049882127
1321096743397 1453059792127
1321176932397 1453147991127
1321177833397 1453148982127
1321178734397 1453149973127
1321186843397 1453158892127
1321187744397 1453159883127
1321196754397 1453169793127
1321271453397 1453397132127
1321276943397 1453257992127
1321277844397 1453258983127
1321278745397 1453259974127
1321286854397 1453268893127
1321287755397 1453269884127
1321296765397 1453279794127
1321343150397 1452012386127
1321353161397 1452023387127
1321363172397 1452034388127
1321373183397 1452045389127
1321376954397 1453367993127
1321377855397 1453368984127
1321378756397 1453369975127
1321386865397 1453378894127
1321387766397 1453379885127
1321396776397 1453389795127
1321443260397 1452122396127
1321453271397 1452133397127
1321463282397 1452144398127
1321473293397 1452155399127
1321476965397 1453477994127
1321477866397 1453478985127
1321478767397 1453479976127
1321486876397 1453488895127
1321487777397 1453489886127
1321496787397 1453499796127
1321576976397 1453587995127
1321577877397 1453588986127
1321578778397 1453589977127
1321586887397 1453598896127
1321587788397 1453599887127
1321676987397 1453697996127
1321677888397 1453698987127
1321678789397 1453699978127
1322077932397 1454138991127
1322078833397 1454139982127
1322087843397 1454149892127
1322145807397 1441125971827
1322177943397 1454248992127
1322178844397 1454249983127
1322187854397 1454259893127
1322244140397 1453002476127
1322254151397 1453013477127
1322264162397 1453024478127
1322274173397 1453035479127
1322277954397 1454358993127
1322278855397 1454359984127
1322287865397 1454369894127
1322344250397 1453112486127
1322354261397 1453123487127
1322364272397 1453134488127
1322374283397 1453145489127
1322377965397 1454468994127
1322378866397 1454469985127
1322387876397 1454479895127
1322444360397 1453222496127
1322454371397 1453233497127
1322464382397 1453244498127
1322474393397 1453255499127
1322477976397 1454578995127
1322478877397 1454579986127
1322487887397 1454589896127
1322577987397 1454688996127
1322578888397 1454689987127
1322587898397 1454699897127
1322610548397 1440350359827
1322620658397 1440361369827
1322630768397 1440372379827
1322640878397 1440383389827
1322650988397 1440394399827
1322677998397 1454798997127
1322678899397 1454799988127
1322711648397 1440460459827
1322720747397 1440470368827
1322721758397 1440471469827
1322730857397 1440481378827
1322731868397 1440482479827
1322740967397 1440492388827
1322741978397 1440493489827
1322812748397 1440570559827
1322821847397 1440580468827
1322822858397 1440581569827
1322830946397 1440590377827
1322831957397 1440591478827
1322832968397 1440592579827
1322913848397 1440680659827
1322922947397 1440690568827
1322923958397 1440691669827
1323054906397 1442116880827
1323078943397 1455239992127
1323155141397 1454003567127
1323155917397 1442226981827
1323165152397 1454014568127
1323175163397 1454025569127
1323178954397 1455349993127
1323245240397 1454102576127
1323255251397 1454113577127
1323265262397 1454124578127
1323275273397 1454135579127
1323278965397 1455459994127
1323345350397 1454212586127
1323355361397 1454223587127
1323365372397 1454234588127
1323375383397 1454245589127
1323378976397 1455569995127
1323445460397 1454322596127
1323455471397 1454333597127
1323465482397 1454344598127
1323475493397 1454355599127
1323478987397 1455679996127
1323510338397 1441330249827
1323520448397 1441341259827
1323530558397 1441352269827
1323540668397 1441363279827
1323550778397 1441374289827
1323560888397 1441385299827
1323578998397 1455789997127
1323611438397 1441440349827
1323620537397 1441450258827
1323621548397 1441451359827
1323630647397 1441461268827
1323631658397 1441462369827
1323640757397 1441472278827
1323641768397 1441473379827
1323650867397 1441483288827
1323651878397 1441484389827
1323660977397 1441494298827
1323661988397 1441495399827
1323712538397 1441550449827
1323721637397 1441560358827
1323722648397 1441561459827
1323730736397 1441570267827
1323731747397 1441571368827
1323732758397 1441572469827
1323740846397 1441581277827
1323741857397 1441582378827
1323742868397 1441583479827
1323750956397 1441592287827
1323751967397 1441593388827
1323752978397 1441594489827
1323813638397 1441660549827
1323822737397 1441670458827
1323823748397 1441671559827
1323831836397 1441680367827
1323832847397 1441681468827
1323833858397 1441682569827
1323840935397 1441690276827
1323841946397 1441691377827
1323842957397 1441692478827
1323843968397 1441693579827
1323914738397 1441770649827
1323923837397 1441780558827
1323924848397 1441781659827
1323932936397 1441790467827
1323933947397 1441791568827
1323934958397 1441792669827
1324066142397 1455004658127
1324076153397 1455015659127
1324156241397 1455103667127
1324166252397 1455114668127
1324176263397 1455125669127
1324246340397 1455202676127
1324256351397 1455213677127
1324266362397 1455224678127
1324276373397 1455235679127
1324346450397 1455312686127
1324356461397 1455323687127
1324366472397 1455334688127
1324376483397 1455345689127
1324410128397 1442310139827
1324420238397 1442321149827
1324430348397 1442332159827
1324440458397 1442343169827
1324446560397 1455422696127
1324450568397 1442354179827
1324456571397 1455433697127
1324460678397 1442365189827
1324466582397 1455444698127
1324470788397 1442376199827
1324476593397 1455455699127
1324511228397 1442420239827
1324520327397 1442430148827
1324521338397 1442431249827
1324530437397 1442441158827
1324531448397 1442442259827
1324540547397 1442452168827
1324541558397 1442453269827
1324550657397 1442463178827
1324551668397 1442464279827
1324560767397 1442474188827
1324561778397 1442475289827
1324570877397 1442485198827
1324571888397 1442486299827
1324612328397 1442530339827
1324621427397 1442540248827
1324622438397 1442541349827
1324630526397 1442550157827
1324631537397 1442551258827
1324632548397 1442552359827
1324640636397 1442561167827
1324641647397 1442562268827
1324642658397 1442563369827
1324650746397 1442572177827
1324651757397 1442573278827
1324652768397 1442574379827
1324660856397 1442583187827
1324661867397 1442584288827
1324662878397 1442585389827
1324670966397 1442594197827
1324671977397 1442595298827
1324672988397 1442596399827
1324713428397 1442640439827
1324722527397 1442650348827
1324723538397 1442651449827
1324731626397 1442660257827
1324732637397 1442661358827
1324733648397 1442662459827
1324740725397 1442670166827
1324741736397 1442671267827
1324742747397 1442672368827
1324743758397 1442673469827
1324750835397 1442681176827
1324751846397 1442682277827
1324752857397 1442683378827
1324753868397 1442684479827
1324760945397 1442692186827
1324761956397 1442693287827
1324762967397 1442694388827
1324763978397 1442695489827
1324814528397 1442750539827
1324823627397 1442760448827
1324824638397 1442761549827
1324832726397 1442770357827
1324833737397 1442771458827
1324834748397 1442772559827
1324841825397 1442780266827
1324842836397 1442781367827
1324843847397 1442782468827
1324844858397 1442783569827
1324850924397 1442790175827
1324851935397 1442791276827
1324852946397 1442792377827
1324853957397 1442793478827
1324854968397 1442794579827
1324915628397 1442860639827
1324924727397 1442870548827
1324925738397 1442871649827
1324933826397 1442880457827
1324934837397 1442881558827
1324935848397 1442882659827
1324942925397 1442890366827
1324943936397 1442891467827
1324944947397 1442892568827
1324945958397 1442893669827
1325067242397 1456104758127
1325077253397 1456115759127
1325157341397 1456203767127
1325167352397 1456214768127
1325177363397 1456225769127
1325247440397 1456302776127
1325257451397 1456313777127
1325267462397 1456324778127
1325277473397 1456335779127
1325320028397 1443301039827
1325330138397 1443312049827
1325340248397 1443323059827
1325347550397 1456412786127
1325350358397 1443334069827
1325357561397 1456423787127
1325360468397 1443345079827
1325367572397 1456434788127
1325370578397 1443356089827
1325377583397 1456445789127
1325380688397 1443367099827
1325411018397 1443400129827
1325420117397 1443410038827
1325421128397 1443411139827
1325430227397 1443421048827
1325431238397 1443422149827
1325440337397 1443432058827
1325441348397 1443433159827
1325447660397 1456522796127
1325450447397 1443443068827
1325451458397 1443444169827
1325457671397 1456533797127
1325460557397 1443454078827
1325461568397 1443455179827
1325467682397 1456544798127
1325470667397 1443465088827
1325471678397 1443466189827
1325477693397 1456555799127
1325480777397 1443476098827
1325481788397 1443477199827
1325512118397 1443510229827
1325521217397 1443520138827
1325522228397 1443521239827
1325530316397 1443530047827
1325531327397 1443531148827
1325532338397 1443532249827
1325540426397 1443541057827
1325541437397 1443542158827
1325542448397 1443543259827
1325550536397 1443552067827
1325551547397 1443553168827
1325552558397 1443554269827
1325560646397 1443563077827
1325561657397 1443564178827
1325562668397 1443565279827
1325570756397 1443574087827
1325571767397 1443575188827
1325572778397 1443576289827
1325580866397 1443585097827
1325581877397 1443586198827
1325582888397 1443587299827
1325613218397 1443620329827
1325622317397 1443630238827
1325623328397 1443631339827
1325631416397 1443640147827
1325632427397 1443641248827
1325633438397 1443642349827
1325640515397 1443650056827
1325641526397 1443651157827
1325642537397 1443652258827
1325643548397 1443653359827
1325650625397 1443661066827
1325651636397 1443662167827
1325652647397 1443663268827
1325653658397 1443664369827
1325660735397 1443672076827
1325661746397 1443673177827
1325662757397 1443674278827
1325663768397 1443675379827
1325670845397 1443683086827
1325671856397 1443684187827
1325672867397 1443685288827
1325673878397 1443686389827
1325680955397 1443694096827
1325681966397 1443695197827
1325682977397 1443696298827
1325683988397 1443697399827
1325714318397 1443730429827
1325723417397 1443740338827
1325724428397 1443741439827
1325732516397 1443750247827
1325733527397 1443751348827
1325734538397 1443752449827
1325741615397 1443760156827
1325742626397 1443761257827
1325743637397 1443762358827
1325744648397 1443763459827
1325750714397 1443770065827
1325751725397 1443771166827
1325752736397 1443772267827
1325753747397 1443773368827
1325754758397 1443774469827
1325760824397 1443781075827
1325761835397 1443782176827
1325762846397 1443783277827
1325763857397 1443784378827
1325764868397 1443785479827
1325770934397 1443792085827
1325771945397 1443793186827
1325772956397 1443794287827
1325773967397 1443795388827
1325774978397 1443796489827
1325815418397 1443840529827
1325824517397 1443850438827
1325825528397 1443851539827
1325827144397 1443971325827
1325833616397 1443860347827
1325834627397 1443861448827
1325835638397 1443862549827
1325842715397 1443870256827
1325843726397 1443871357827
1325844737397 1443872458827
1325845748397 1443873559827
1325851814397 1443880165827
1325852825397 1443881266827
1325853836397 1443882367827
1325854847397 1443883468827
1325855858397 1443884569827
1325860913397 1443890074827
1325861924397 1443891175827
1325862935397 1443892276827
1325863946397 1443893377827
1325864957397 1443894478827
1325865968397 1443895579827
1325916518397 1443950629827
1325925617397 1443960538827
1325926628397 1443961639827
1325934716397 1443970447827
1325935727397 1443971548827
1325936738397 1443972649827
1325943815397 1443980356827
1325944826397 1443981457827
1325945837397 1443982558827
1325946848397 1443983659827
1325952914397 1443990265827
1325953925397 1443991366827
1325954936397 1443992467827
1325955947397 1443993568827
1325956958397 1443994669827
1326068342397 1457204858127
1326078353397 1457215859127
1326158441397 1457303867127
1326163506397 1445648210827
1326168452397 1457314868127
1326178463397 1457325869127
1326248540397 1457402876127
1326254407397 1445747301827
1326258551397 1457413877127
1326268562397 1457424878127
1326278573397 1457435879127
1326331028397 1444402039827
1326341138397 1444413049827
1326348650397 1457512886127
1326351248397 1444424059827
1326358661397 1457523887127
1326361358397 1444435069827
1326368672397 1457534888127
1326371468397 1444446079827
1326378683397 1457545889127
1326381578397 1444457089827
1326391688397 1444468099827
1326421007397 1444500028827
1326422018397 1444501129827
1326431117397 1444511038827
1326432128397 1444512139827
1326441227397 1444522048827
1326442238397 1444523149827
1326448760397 1457622896127
1326451337397 1444533058827
1326452348397 1444534159827
1326458771397 1457633897127
1326461447397 1444544068827
1326462458397 1444545169827
1326468782397 1457644898127
1326471557397 1444555078827
1326472568397 1444556179827
1326478793397 1457655899127
1326481667397 1444566088827
1326482678397 1444567189827
1326491777397 1444577098827
1326492788397 1444578199827
1326513008397 1444600219827
1326522107397 1444610128827
1326523118397 1444611229827
1326531206397 1444620037827
1326532217397 1444621138827
1326533228397 1444622239827
1326541316397 1444631047827
1326542327397 1444632148827
1326543338397 1444633249827
1326551426397 1444642057827
1326552437397 1444643158827
1326553448397 1444644259827
1326561536397 1444653067827
1326562547397 1444654168827
1326563558397 1444655269827
1326571646397 1444664077827
1326572657397 1444665178827
1326573668397 1444666279827
1326581756397 1444675087827
1326582767397 1444676188827
1326583778397 1444677289827
1326591866397 1444686097827
1326592877397 1444687198827
1326593888397 1444688299827
1326614108397 1444710319827
1326623207397 1444720228827
1326624218397 1444721329827
1326632306397 1444730137827
1326633317397 1444731238827
1326634328397 1444732339827
1326641405397 1444740046827
1326642416397 1444741147827
1326643427397 1444742248827
1326644438397 1444743349827
1326651515397 1444751056827
1326652526397 1444752157827
1326653537397 1444753258827
1326654548397 1444754359827
1326661625397 1444762066827
1326662636397 1444763167827
1326663647397 1444764268827
1326664658397 1444765369827
1326671735397 1444773076827
1326672746397 1444774177827
1326673757397 1444775278827
1326674768397 1444776379827
1326681845397 1444784086827
1326682856397 1444785187827
1326683867397 1444786288827
1326684878397 1444787389827
1326691955397 1444795096827
1326692966397 1444796197827
1326693977397 1444797298827
1326694988397 1444798399827
1326715208397 1444820419827
1326724307397 1444830328827
1326725318397 1444831429827
1326733406397 1444840237827
1326734417397 1444841338827
1326735428397 1444842439827
1326742505397 1444850146827
1326743516397 1444851247827
1326744527397 1444852348827
1326745538397 1444853449827
1326751604397 1444860055827
1326752615397 1444861156827
1326753626397 1444862257827
1326754637397 1444863358827
1326755648397 1444864459827
1326761714397 1444871065827
1326762725397 1444872166827
1326763736397 1444873267827
1326764747397 1444874368827
1326765758397 1444875469827
1326771824397 1444882075827
1326772835397 1444883176827
1326773846397 1444884277827
1326774857397 1444885378827
1326775868397 1444886479827
1326781934397 1444893085827
1326782945397 1444894186827
1326783956397 1444895287827
1326784967397 1444896388827
1326785978397 1444897489827
1326816308397 1444930519827
1326825407397 1444940428827
1326826418397 1444941529827
1326834506397 1444950337827
1326835517397 1444951438827
1326836528397 1444952539827
1326843605397 1444960246827
1326844616397 1444961347827
1326845627397 1444962448827
1326846638397 1444963549827
1326852704397 1444970155827
1326853715397 1444971256827
1326854726397 1444972357827
1326855737397 1444973458827
1326856748397 1444974559827
1326861803397 1444980064827
1326862814397 1444981165827
1326863825397 1444982266827
1326864836397 1444983367827
1326865847397 1444984468827
1326866858397 1444985569827
1326871913397 1444991074827
1326872924397 1444992175827
1326873935397 1444993276827
1326874946397 1444994377827
1326875957397 1444995478827
1326876968397 1444996579827
1327069442397 1458304958127
1327072516397 1446639120827
1327079453397 1458315959127
1327159541397 1458403967127
1327163417397 1446738211827
1327169552397 1458414968127
1327179563397 1458425969127
1327249640397 1458502976127
1327254318397 1446837302827
1327259651397 1458513977127
1327269662397 1458524978127
1327279673397 1458535979127
1327342028397 1445503039827
1327349750397 1458612986127
1327352138397 1445514049827
1327359761397 1458623987127
1327362248397 1445525059827
1327369772397 1458634988127
1327372358397 1445536069827
1327379783397 1458645989127
1327382468397 1445547079827
1327392578397 1445558089827
1327432007397 1445601028827
1327433018397 1445602129827
1327442117397 1445612038827
1327443128397 1445613139827
1327449860397 1458722996127
1327452227397 1445623048827
1327453238397 1445624149827
1327459871397 1458733997127
1327462337397 1445634058827
1327463348397 1445635159827
1327469882397 1458744998127
1327472447397 1445645068827
1327473458397 1445646169827
1327479893397 1458755999127
1327482557397 1445656078827
1327483568397 1445657179827
1327492667397 1445667088827
1327493678397 1445668189827
1327524008397 1445701219827
1327533107397 1445711128827
1327534118397 1445712229827
1327542206397 1445721037827
1327543217397 1445722138827
1327544228397 1445723239827
1327552316397 1445732047827
1327553327397 1445733148827
1327554338397 1445734249827
1327562426397 1445743057827
1327563437397 1445744158827
1327564448397 1445745259827
1327572536397 1445754067827
1327573547397 1445755168827
1327574558397 1445756269827
1327582646397 1445765077827
1327583657397 1445766178827
1327584668397 1445767279827
1327592756397 1445776087827
1327593767397 1445777188827
1327594778397 1445778289827
1327625108397 1445811319827
1327634207397 1445821228827
1327635218397 1445822329827
1327643306397 1445831137827
1327644317397 1445832238827
1327645328397 1445833339827
1327652405397 1445841046827
1327653416397 1445842147827
1327654427397 1445843248827
1327655438397 1445844349827
1327662515397 1445852056827
1327663526397 1445853157827
1327664537397 1445854258827
1327665548397 1445855359827
1327672625397 1445863066827
1327673636397 1445864167827
1327674647397 1445865268827
1327675658397 1445866369827
1327682735397 1445874076827
1327683746397 1445875177827
1327684757397 1445876278827
1327685768397 1445877379827
1327692845397 1445885086827
1327693856397 1445886187827
1327694867397 1445887288827
1327695878397 1445888389827
1327726208397 1445921419827
1327735307397 1445931328827
1327736318397 1445932429827
1327744406397 1445941237827
1327745417397 1445942338827
1327746428397 1445943439827
1327753505397 1445951146827
1327754516397 1445952247827
1327755527397 1445953348827
1327756538397 1445954449827
1327762604397 1445961055827
1327763615397 1445962156827
1327764626397 1445963257827
1327765637397 1445964358827
1327766648397 1445965459827
1327772714397 1445972065827
1327773725397 1445973166827
1327774736397 1445974267827
1327775747397 1445975368827
1327776758397 1445976469827
1327782824397 1445983075827
1327783835397 1445984176827
1327784846397 1445985277827
1327785857397 1445986378827
1327786868397 1445987479827
1327792934397 1445994085827
1327793945397 1445995186827
1327794956397 1445996287827
1327795967397 1445997388827
1327796978397 1445998489827
1328072427397 1447729121827
1328163328397 1447828212827
1328254229397 1447927303827
1328353028397 1446604039827
1328363138397 1446615049827
1328373248397 1446626059827
1328383358397 1446637069827
1328393468397 1446648079827
1328443007397 1446702028827
1328444018397 1446703129827
1328453117397 1446713038827
1328454128397 1446714139827
1328463227397 1446724048827
1328464238397 1446725149827
1328473337397 1446735058827
1328474348397 1446736159827
1328483447397 1446746068827
1328484458397 1446747169827
1328493557397 1446757078827
1328494568397 1446758179827
1328535008397 1446802219827
1328544107397 1446812128827
1328545118397 1446813229827
1328553206397 1446822037827
1328554217397 1446823138827
1328555228397 1446824239827
1328563316397 1446833047827
1328564327397 1446834148827
1328565338397 1446835249827
1328573426397 1446844057827
1328574437397 1446845158827
1328575448397 1446846259827
1328583536397 1446855067827
1328584547397 1446856168827
1328585558397 1446857269827
1328593646397 1446866077827
1328594657397 1446867178827
1328595668397 1446868279827
1328636108397 1446912319827
1328645207397 1446922228827
1328646218397 1446923329827
1328654306397 1446932137827
1328655317397 1446933238827
1328656328397 1446934339827
1328663405397 1446942046827
1328664416397 1446943147827
1328665427397 1446944248827
1328666438397 1446945349827
1328673515397 1446953056827
1328674526397 1446954157827
1328675537397 1446955258827
1328676548397 1446956359827
1328683625397 1446964066827
1328684636397 1446965167827
1328685647397 1446966268827
1328686658397 1446967369827
1328693735397 1446975076827
1328694746397 1446976177827
1328695757397 1446977278827
1328696768397 1446978379827
1329072338397 1448819122827
1329163239397 1448918213827
1329364028397 1447705039827
1329374138397 1447716049827
1329384248397 1447727059827
1329394358397 1447738069827
1329454007397 1447803028827
1329455018397 1447804129827
1329464117397 1447814038827
1329465128397 1447815139827
1329474227397 1447825048827
1329475238397 1447826149827
1329484337397 1447836058827
1329485348397 1447837159827
1329494447397 1447847068827
1329495458397 1447848169827
1329546008397 1447903219827
1329555107397 1447913128827
1329556118397 1447914229827
1329564206397 1447923037827
1329565217397 1447924138827
1329566228397 1447925239827
1329574316397 1447934047827
1329575327397 1447935148827
1329576338397 1447936249827
1329584426397 1447945057827
1329585437397 1447946158827
1329586448397 1447947259827
1329594536397 1447956067827
1329595547397 1447957168827
1329596558397 1447958269827
1330436141697 1462004594427
1330446152697 1462015595427
1330456163697 1462026596427
1330466174697 1462037597427
1330476185697 1462048598427
1330486196697 1462059599427
1331347142697 1463005685427
1331357153697 1463016686427
1331367164697 1463027687427
1331377175697 1463038688427
1331387186697 1463049689427
1331437241697 1463104694427
1331447252697 1463115695427
1331457263697 1463126696427
1331467274697 1463137697427
1331477285697 1463148698427
1331487296697 1463159699427
1332258143697 1464006776427
1332268154697 1464017777427
1332278165697 1464028778427
1332288176697 1464039779427
1332348242697 1464105785427
1332358253697 1464116786427
1332368264697 1464127787427
1332378275697 1464138788427
1332388286697 1464149789427
1332438341697 1464204794427
1332448352697 1464215795427
1332458363697 1464226796427
1332468374697 1464237797427
1332478385697 1464248798427
1332488396697 1464259799427
1333169144697 1465007867427
1333179155697 1465018868427
1333189166697 1465029869427
1333259243697 1465106876427
1333269254697 1465117877427
1333279265697 1465128878427
1333289276697 1465139879427
1333349342697 1465205885427
1333359353697 1465216886427
1333369364697 1465227887427
1333379375697 1465238888427
1333389386697 1465249889427
1333439441697 1465304894427
1333449452697 1465315895427
1333459463697 1465326896427
1333469474697 1465337897427
1333479485697 1465348898427
1333489496697 1465359899427
1334271467697 1467697133427
1334942846697 1466983349427
1335648706697 1467613879427
1336104284697 1469833610427
1336558705697 1468613788427
1336659816697 1468724889427
1337427014697 1469701337427
1337468704697 1469613697427
1337569815697 1469724798427
1340053842997 1351006867297
1340158862997 1487559960027
1340163953997 1351117878297
1340167863997 1487569951027
1340176864997 1487579942027
1340185865997 1487589933027
1340194866997 1487599924027
1340248872997 1487659870027
1340257873997 1487669861027
1340266874997 1487679852027
1340275875997 1487689843027
1340284876997 1487699834027
1340338882997 1487759780027
1340347883997 1487769771027
1340356884997 1487779762027
1340365885997 1487789753027
1340374886997 1487799744027
1340428892997 1487859690027
1340437893997 1487869681027
1340446894997 1487879672027
1340455895997 1487889663027
1340464896997 1487899654027
1341014629997 1489865600027
1341044841997 1352005966297
1341148972997 1488658970027
1341154952997 1352116977297
1341157973997 1488668961027
1341166974997 1488678952027
1341175975997 1488688943027
1341184976997 1488698934027
1341238982997 1488758880027
1341247983997 1488768871027
1341256984997 1488778862027
1341265985997 1488788853027
1341274986997 1488798844027
1341328992997 1488858790027
1341337993997 1488868781027
1341346994997 1488878772027
1341355995997 1488888763027
1341364996997 1488898754027
1342741072997 1474213099727
1343651062997 1475212189727
1343742061997 1475312098727
1343752172997 1475323199727
1344561052997 1476211279727
1344652051997 1476311188727
1344662162997 1476322289727
1344743050997 1476411097727
1344753161997 1476422198727
1344763272997 1476433299727
1345471042997 1477210369727
1345562041997 1477310278727
1345572152997 1477321379727
1345653040997 1477410187727
1345663151997 1477421288727
1345673262997 1477432389727
1345754150997 1477521197727
1345764261997 1477532298727
1345774372997 1477543399727
1346413302997 1358653300297
1346482142997 1478320469727
1346512303997 1358753201297
1346573141997 1478420378727
1346583252997 1478431479727
1346611304997 1358853102297
1346664140997 1478520287727
1346674251997 1478531388727
1346684362997 1478542489727
1346710305997 1358953003297
1346765250997 1478631297727
1346772847997 1479983467727
1346775361997 1478642398727
1346785472997 1478653499727
1347403312997 1359652310297
1347493242997 1479430569727
1347502313997 1359752211297
1347584241997 1479530478727
1347594352997 1479541579727
1347601314997 1359852112297
1347675240997 1479630387727
1347685351997 1479641488727
1347695462997 1479652589727
1347700315997 1359952013297
1347776350997 1479741397727
1347786461997 1479752498727
1347796572997 1479763599727
1350198953297 1485068993027
1350199854297 1485069984027
1350271485297 1485297135027
1350298964297 1485178994027
1350299865297 1485179985027
1350398975297 1485288995027
1350399876297 1485289986027
1350484170297 1484035197027
1350494181297 1484046198027
1350498986297 1485398996027
1350499887297 1485399987027
1351099953297 1486059993027
1351199964297 1486169994027
1351299975297 1486279995027
1351385160297 1485025287027
1351395171297 1485036288027
1351399986297 1486389996027
1351485270297 1485135297027
1351495281297 1485146298027
1351499997297 1486499997027
1352286150297 1486015377027
1352296161297 1486026378027
1352386260297 1486125387027
1352396271297 1486136388027
1352424805297 1474275600727
1352486370297 1486235397027
1352496381297 1486246398027
1352940447297 1473380249727
1352950557297 1473391259727
1353187140297 1487005467027
1353197151297 1487016468027
1353287250297 1487115477027
1353297261297 1487126478027
1353333815297 1475266510727
1353387360297 1487225487027
1353397371297 1487236488027
1353424716297 1475365601727
1353487470297 1487335497027
1353497481297 1487346498027
1353840237297 1474360139727
1353850347297 1474371149727
1353860457297 1474382159727
1353870567297 1474393169727
1353941337297 1474470239727
1353950436297 1474480148727
1353951447297 1474481249727
1353960546297 1474491158727
1353961557297 1474492259727
1354098141297 1488006558027
1354188240297 1488105567027
1354198251297 1488116568027
1354242825297 1476257420727
1354288350297 1488215577027
1354298361297 1488226578027
1354333726297 1476356511727
1354388460297 1488325587027
1354398471297 1488336588027
1354424627297 1476455602727
1354488570297 1488435597027
1354498581297 1488446598027
1354740027297 1475340029727
1354750137297 1475351039727
1354760247297 1475362049727
1354770357297 1475373059727
1354780467297 1475384069727
1354790577297 1475395079727
1354841127297 1475450129727
1354850226297 1475460038727
1354851237297 1475461139727
1354860336297 1475471048727
1354861347297 1475472149727
1354870446297 1475482058727
1354871457297 1475483159727
1354880556297 1475493068727
1354881567297 1475494169727
1354942227297 1475560229727
1354951326297 1475570138727
1354952337297 1475571239727
1354960425297 1475580047727
1354961436297 1475581148727
1354962447297 1475582249727
1354970535297 1475591057727
1354971546297 1475592158727
1354972557297 1475593259727
1355099241297 1489106658027
1355151835297 1477248330727
1355189340297 1489205667027
1355199351297 1489216668027
1355242736297 1477347421727
1355289450297 1489315677027
1355299461297 1489326678027
1355333637297 1477446512727
1355389560297 1489425687027
1355399571297 1489436688027
1355424538297 1477545603727
1355489670297 1489535697027
1355499681297 1489546698027
1355751027297 1476441029727
1355761137297 1476452039727
1355771247297 1476463049727
1355781357297 1476474059727
1355791467297 1476485069727
1355842017297 1476540119727
1355851116297 1476550028727
1355852127297 1476551129727
1355861226297 1476561038727
1355862237297 1476562139727
1355871336297 1476572048727
1355872347297 1476573149727
1355881446297 1476583058727
1355882457297 1476584159727
1355891556297 1476594068727
1355892567297 1476595169727
1355943117297 1476650219727
1355952216297 1476660128727
1355953227297 1476661229727
1355961315297 1476670037727
1355962326297 1476671138727
1355963337297 1476672239727
1355971425297 1476681047727
1355972436297 1476682148727
1355973447297 1476683249727
1355981535297 1476692057727
1355982546297 1476693158727
1355983557297 1476694259727
1356060845297 1478239240727
1356151746297 1478338331727
1356242647297 1478437422727
1356333548297 1478536513727
1356424449297 1478635604727
1356762027297 1477542029727
1356772137297 1477553039727
1356782247297 1477564049727
1356792357297 1477575059727
1356852006297 1477640018727
1356853017297 1477641119727
1356862116297 1477651028727
1356863127297 1477652129727
1356872226297 1477662038727
1356873237297 1477663139727
1356882336297 1477673048727
1356883347297 1477674149727
1356892446297 1477684058727
1356893457297 1477685159727
1356944007297 1477740209727
1356953106297 1477750118727
1356954117297 1477751219727
1356962205297 1477760027727
1356963216297 1477761128727
1356964227297 1477762229727
1356972315297 1477771037727
1356973326297 1477772138727
1356974337297 1477773239727
1356982425297 1477782047727
1356983436297 1477783148727
1356984447297 1477784249727
1356992535297 1477793057727
1356993546297 1477794158727
1356994557297 1477795259727
1357060756297 1479329241727
1357151657297 1479428332727
1357242558297 1479527423727
1357333459297 1479626514727
1357773027297 1478643029727
1357783137297 1478654039727
1357793247297 1478665049727
1357863006297 1478741018727
1357864017297 1478742119727
1357873116297 1478752028727
1357874127297 1478753129727
1357883226297 1478763038727
1357884237297 1478764139727
1357893336297 1478774048727
1357894347297 1478775149727
1357955007297 1478841209727
1357964106297 1478851118727
1357965117297 1478852219727
1357973205297 1478861027727
1357974216297 1478862128727
1357975227297 1478863229727
1357983315297 1478872037727
1357984326297 1478873138727
1357985337297 1478874239727
1357993425297 1478883047727
1357994436297 1478884148727
1357995447297 1478885249727
1358784027297 1479744029727
1358794137297 1479755039727
1358874006297 1479842018727
1358875017297 1479843119727
1358884116297 1479853028727
1358885127297 1479854129727
1358894226297 1479864038727
1358895237297 1479865139727
1358966007297 1479942209727
1358975106297 1479952118727
1358976117297 1479953219727
1358984205297 1479962027727
1358985216297 1479963128727
1358986227297 1479964229727
1358994315297 1479973037727
1358995326297 1479974138727
1358996337297 1479975239727
1360468140597 1495006494327
1360478151597 1495017495327
1360488162597 1495028496327
1360498173597 1495039497327
1361379141597 1496007585327
1361389152597 1496018586327
1361399163597 1496029587327
1361469240597 1496106594327
1361479251597 1496117595327
1361489262597 1496128596327
1361499273597 1496139597327
1363271499597 1499597136327
1376103702897 1388613610197
1376202703897 1388713511197
1376301704897 1388813412197
1376400705897 1388913313197
1378169243897 1389423678197
1398226129497 1399371172497
1411293262927 1425391940227
1411383353927 1425482931227
1411473444927 1425573922227
1411563535927 1425664913227
1411653626927 1425755904227
1412284263927 1426392841227
1412374354927 1426483832227
1412464445927 1426574823227
1412554536927 1426665814227
1412644627927 1426756805227
1413275264927 1427393742227
1413365355927 1427484733227
1413455446927 1427575724227
1413545537927 1427666715227
1413635628927 1427757706227
1414266265927 1428394643227
1414356356927 1428485634227
1414446447927 1428576625227
1414523820927 1427126095227
1414536538927 1428667616227
1414626629927 1428758607227
1415257266927 1429395544227
1415347357927 1429486535227
1415437448927 1429577526227
1415527539927 1429668517227
1440293555827 1454681943127
1440383646827 1454772934127
1440473737827 1454863925127
1440563828827 1454954916127
1441194465827 1455591853127
1441284556827 1455682844127
1441374647827 1455773835127
1441464738827 1455864826127
1441554829827 1455955817127
1442185466827 1456592754127
1442275557827 1456683745127
1442365648827 1456774736127
1442455739827 1456865727127
1443176467827 1457593655127
1443266558827 1457684646127
1443356649827 1457775637127
1444167468827 1458594556127
1444257559827 1458685547127
1445158469827 1459595457127
1450032647127 1451482520127
1470194758727 1484881856027
1470284849727 1484972847027
1471095668727 1485791766027
1471185759727 1485882757027
1472086669727 1486792667027
1500684255857 1515675940157
1500774346857 1515766931157
1500864437857 1515857922157
1500954528857 1515948913157
1501585165857 1516585850157
1501675256857 1516676841157
1501765347857 1516767832157
1501855438857 1516858823157
1501945529857 1516949814157
1502486075857 1517495760157
1502576166857 1517586751157
1502666257857 1517677742157
1502756348857 1517768733157
1502846439857 1517859724157
1503477076857 1518496661157
1503567167857 1518587652157
1503613030857 1517282102157
1503657258857 1518678643157
1503712031857 1517382003157
1503747349857 1518769634157
1504468077857 1519497562157
1504558168857 1519588553157
1504603040857 1518281112157
1504648259857 1519679544157
1504702041857 1518381013157
1530495367757 1545784862057
1530563490757 1543073659057
1530585458757 1545875853057
1530675549757 1545966844057
1531396277757 1546694772057
1531486368757 1546785763057
1531576459757 1546876754057
1532313420757 1546243402057
1532387278757 1547695673057
1532412421757 1546343303057
1532477369757 1547786664057
1532511422757 1546443204057
1532610423757 1546543105057
1533303430757 1547242412057
1533378279757 1548696574057
1533402431757 1547342313057
1533501432757 1547442214057
1533600433757 1547542115057
1574012641957 1588321703257
1574111642957 1588421604257
1574210643957 1588521505257
1575002651957 1589320713257
1575101652957 1589420614257
1575200653957 1589520515257
1600297803487 1760149970317
1600396913487 1760258980317
1600397814487 1760259971317
1600496924487 1760368981317
1600497825487 1760369972317
1600596935487 1760478982317
1600597836487 1760479973317
1600696946487 1760588983317
1600697847487 1760589974317
1600796957487 1760698984317
1600797858487 1760699975317
1601297913487 1761249980317
1601397924487 1761359981317
1601497935487 1761469982317
1601597946487 1761579983317
1601633030487 1760020474317
1601643041487 1760031475317
1601653052487 1760042476317
1601663063487 1760053477317
1601673074487 1760064478317
1601683085487 1760075479317
1601697957487 1761689984317
1601733140487 1760130484317
1601743151487 1760141485317
1601753162487 1760152486317
1601763173487 1760163487317
1601773184487 1760174488317
1601783195487 1760185489317
1601797968487 1761799985317
1601833250487 1760240494317
1601843261487 1760251495317
1601853272487 1760262496317
1601863283487 1760273497317
1601873294487 1760284498317
1602534020487 1761010564317
1602544031487 1761021565317
1602554042487 1761032566317
1602564053487 1761043567317
1602574064487 1761054568317
1602584075487 1761065569317
1602634130487 1761120574317
1602644141487 1761131575317
1602654152487 1761142576317
1602664163487 1761153577317
1602674174487 1761164578317
1602684185487 1761175579317
1602734240487 1761230584317
1602744251487 1761241585317
1602754262487 1761252586317
1602764273487 1761263587317
1602774284487 1761274588317
1602784295487 1761285589317
1602834350487 1761340594317
1602844361487 1761351595317
1602854372487 1761362596317
1602864383487 1761373597317
1602874394487 1761384598317
1603171763487 1763487160317
1603435010487 1762000654317
1603445021487 1762011655317
1603455032487 1762022656317
1603465043487 1762033657317
1603475054487 1762044658317
1603485065487 1762055659317
1603535120487 1762110664317
1603545131487 1762121665317
1603555142487 1762132666317
1603565153487 1762143667317
1603575164487 1762154668317
1603585175487 1762165669317
1603635230487 1762220674317
1603645241487 1762231675317
1603655252487 1762242676317
1603665263487 1762253677317
1603675274487 1762264678317
1603685285487 1762275679317
1603735340487 1762330684317
1603745351487 1762341685317
1603755362487 1762352686317
1603765373487 1762363687317
1603775384487 1762374688317
1603785395487 1762385689317
1603835450487 1762440694317
1603845461487 1762451695317
1603855472487 1762462696317
1603865483487 1762473697317
1603875494487 1762484698317
1604346011487 1763001745317
1604356022487 1763012746317
1604366033487 1763023747317
1604376044487 1763034748317
1604386055487 1763045749317
1604436110487 1763100754317
1604446121487 1763111755317
1604456132487 1763122756317
1604466143487 1763133757317
1604476154487 1763144758317
1604486165487 1763155759317
1604536220487 1763210764317
1604546231487 1763221765317
1604556242487 1763232766317
1604566253487 1763243767317
1604576264487 1763254768317
1604586275487 1763265769317
1604636330487 1763320774317
1604646341487 1763331775317
1604656352487 1763342776317
1604666363487 1763353777317
1604676374487 1763364778317
1604686385487 1763375779317
1604736440487 1763430784317
1604746451487 1763441785317
1604756462487 1763452786317
1604766473487 1763463787317
1604776484487 1763474788317
1604786495487 1763485789317
1604836550487 1763540794317
1604846561487 1763551795317
1604856572487 1763562796317
1604866583487 1763573797317
1604876594487 1763584798317
1605257012487 1764002836317
1605267023487 1764013837317
1605277034487 1764024838317
1605287045487 1764035839317
1605347111487 1764101845317
1605357122487 1764112846317
1605367133487 1764123847317
1605377144487 1764134848317
1605387155487 1764145849317
1605437210487 1764200854317
1605447221487 1764211855317
1605457232487 1764222856317
1605467243487 1764233857317
1605477254487 1764244858317
1605487265487 1764255859317
1605537320487 1764310864317
1605547331487 1764321865317
1605557342487 1764332866317
1605567353487 1764343867317
1605577364487 1764354868317
1605587375487 1764365869317
1605637430487 1764420874317
1605647441487 1764431875317
1605657452487 1764442876317
1605667463487 1764453877317
1605677474487 1764464878317
1605687485487 1764475879317
1605737540487 1764530884317
1605747551487 1764541885317
1605757562487 1764552886317
1605767573487 1764563887317
1605777584487 1764574888317
1605787595487 1764585889317
1605837650487 1764640894317
1605847661487 1764651895317
1605857672487 1764662896317
1605867683487 1764673897317
1605877694487 1764684898317
1606168013487 1765003927317
1606178024487 1765014928317
1606188035487 1765025929317
1606258112487 1765102936317
1606268123487 1765113937317
1606278134487 1765124938317
1606288145487 1765135939317
1606348211487 1765201945317
1606358222487 1765212946317
1606368233487 1765223947317
1606378244487 1765234948317
1606388255487 1765245949317
1606438310487 1765300954317
1606448321487 1765311955317
1606458332487 1765322956317
1606468343487 1765333957317
1606478354487 1765344958317
1606488365487 1765355959317
1606538420487 1765410964317
1606548431487 1765421965317
1606558442487 1765432966317
1606568453487 1765443967317
1606578464487 1765454968317
1606588475487 1765465969317
1606638530487 1765520974317
1606648541487 1765531975317
1606658552487 1765542976317
1606668563487 1765553977317
1606678574487 1765564978317
1606688585487 1765575979317
1606738640487 1765630984317
1606748651487 1765641985317
1606758662487 1765652986317
1606768673487 1765663987317
1606778684487 1765674988317
1606788695487 1765685989317
1606838750487 1765740994317
1606848761487 1765751995317
1606858772487 1765762996317
1606868783487 1765773997317
1606878794487 1765784998317
1610716010787 1770001681617
1610726021787 1770012682617
1610736032787 1770023683617
1610746043787 1770034684617
1610756054787 1770045685617
1610766065787 1770056686617
1610776076787 1770067687617
1610786087787 1770078688617
1610796098787 1770089689617
1610796178787 1626887870087
1610816120787 1770111691617
1610826131787 1770122692617
1610836142787 1770133693617
1610846153787 1770144694617
1610856164787 1770155695617
1610866175787 1770166696617
1610876186787 1770177697617
1610886197787 1770188698617
1610886269787 1626978861087
1611627011787 1771002772617
1611637022787 1771013773617
1611647033787 1771024774617
1611657044787 1771035775617
1611667055787 1771046776617
1611677066787 1771057777617
1611687077787 1771068778617
1611697088787 1627797780087 1771079779617
1611717110787 1771101781617
1611727121787 1771112782617
1611737132787 1771123783617
1611747143787 1771134784617
1611757154787 1771145785617
1611767165787 1771156786617
1611777176787 1771167787617
1611787179787 1627888771087
1611787187787 1771178788617
1611797198787 1771189789617
1611817220787 1771211791617
1611827231787 1771222792617
1611837242787 1771233793617
1611847253787 1771244794617
1611857264787 1771255795617
1611867275787 1771266796617
1611877286787 1771277797617
1611887297787 1771288798617
1612538012787 1772003863617
1612548023787 1772014864617
1612558034787 1772025865617
1612568045787 1772036866617
1612578056787 1772047867617
1612588067787 1772058868617
1612598078787 1772069869617
1612606201787 1627266110087
1612628111787 1772102872617
1612638122787 1772113873617
1612648133787 1772124874617
1612658144787 1772135875617
1612668155787 1772146876617
1612678166787 1772157877617
1612688089787 1628798681087
1612688177787 1772168878617
1612698188787 1772179879617
1612705202787 1627366011087
1612718210787 1772201881617
1612728221787 1772212882617
1612738232787 1772223883617
1612748243787 1772234884617
1612758254787 1772245885617
1612768265787 1772256886617
1612778276787 1772267887617
1612788287787 1772278888617
1612798298787 1772289889617
1612818320787 1772311891617
1612828331787 1772322892617
1612838342787 1772333893617
1612848353787 1772344894617
1612858364787 1772355895617
1612868375787 1772366896617
1612878386787 1772377897617
1612888397787 1772388898617
1613449013787 1773004954617
1613459024787 1773015955617
1613469035787 1773026956617
1613479046787 1773037957617
1613489057787 1773048958617
1613499068787 1773059959617
1613539112787 1773103963617
1613549123787 1773114964617
1613559134787 1773125965617
1613569145787 1773136966617
1613579156787 1773147967617
1613589167787 1773158968617
1613599178787 1773169969617
1613629211787 1773202972617
1613639222787 1773213973617
1613649233787 1773224974617
1613659244787 1773235975617
1613669255787 1773246976617
1613679266787 1773257977617
1613689277787 1773268978617
1613699288787 1773279979617
1613719310787 1773301981617
1613729321787 1773312982617
1613739332787 1773323983617
1613749343787 1773334984617
1613759354787 1773345985617
1613769365787 1773356986617
1613779376787 1773367987617
1613789387787 1773378988617
1613799398787 1773389989617
1613819420787 1773411991617
1613829431787 1773422992617
1613839442787 1773433993617
1613849453787 1773444994617
1613859464787 1773455995617
1613869475787 1773466996617
1613879486787 1773477997617
1613889497787 1773488998617
1616017176787 1777762700617
1616171777787 1777787161617
1616857608787 1776606869617
1616960391787 1775282099617
1617000017787 1778700001617
1617016187787 1778861701617
1617161717787 1778716171617
1617176270787 1777260871617
1617177887787 1778877871617
1617767607787 1777606778617
1617860270787 1776270088617
1617861877787 1777886178617
1617868718787 1777717879617
1617870381787 1776281189617
1617961380787 1776381098617
1617971491787 1776392199617
1618015198787 1779960702617
1618617017787 1778701618617
1618677606787 1778606687617
1618777100787 1777100788617
1618778717787 1778717788617
1618780371787 1777280279617
1618871370787 1777380188617
1618879828787 1778828889617
1618881481787 1777391289617
1618972480787 1777491198617
1619587605787 1779606596617
1619688716787 1779717697617
1619789827787 1779828798617
1619791471787 1778390379617
1619882470787 1778490288617
1625017815087 1771428700617
1625258606087 1771515951617
1625800137087 1770530119617
1625810247087 1770541129617
1625820357087 1770552139617
1625830467087 1770563149617
1625840577087 1770574159617
1625850687087 1770585169617
1625860797087 1770596179617
1625901237087 1770640219617
1625910336087 1770650128617
1625911347087 1770651229617
1625920446087 1770661138617
1625921457087 1770662239617
1625930556087 1770672148617
1625931567087 1770673249617
1625940666087 1770683158617
1625941677087 1770684259617
1625950776087 1770694168617
1625951787087 1770695269617
1626017726087 1772518701617
1626167705087 1772506860617
1626268716087 1772616961617
1626710037087 1771521019617
1626720147087 1771532029617
1626730257087 1771543039617
1626740367087 1771554049617
1626750477087 1771565059617
1626760587087 1771576069617
1626770697087 1771587079617
1626801027087 1771620109617
1626810126087 1771630018617
1626811137087 1771631119617
1626820236087 1771641028617
1626821247087 1771642129617
1626830346087 1771652038617
1626831357087 1771653139617
1626840456087 1771663048617
1626841467087 1771664149617
1626850566087 1771674058617
1626851577087 1771675159617
1626860676087 1771685068617
1626861687087 1771686169617
1626870786087 1771696078617
1626871797087 1771697179617
1626902127087 1771730209617
1626911226087 1771740118617
1626912237087 1771741219617
1626920325087 1771750027617
1626921336087 1771751128617
1626922347087 1771752229617
1626930435087 1771761037617
1626931446087 1771762138617
1626932457087 1771763239617
1626940545087 1771772047617
1626941556087 1771773148617
1626942567087 1771774249617
1626950655087 1771783057617
1626951666087 1771784158617
1626952677087 1771785259617
1626960765087 1771794067617
1626961776087 1771795168617
1626962787087 1771796269617
1627017637087 1773608702617
1627177815087 1773607870617
1627278826087 1773717971617
1627721037087 1772622019617
1627731147087 1772633029617
1627741257087 1772644039617
1627751367087 1772655049617
1627761477087 1772666059617
1627771587087 1772677069617
1627781697087 1772688079617
1627811016087 1772720008617
1627812027087 1772721109617
1627821126087 1772731018617
1627822137087 1772732119617
1627831236087 1772742028617
1627832247087 1772743129617
1627841346087 1772753038617
1627842357087 1772754139617
1627851456087 1772764048617
1627852467087 1772765149617
1627861566087 1772775058617
1627862577087 1772776159617
1627871676087 1772786068617
1627872687087 1772787169617
1627881786087 1772797078617
1627882797087 1772798179617
1627912116087 1772830108617
1627913127087 1772831209617
1627921215087 1772840017617
1627922226087 1772841118617
1627923237087 1772842219617
1627931325087 1772851027617
1627932336087 1772852128617
1627933347087 1772853229617
1627941435087 1772862037617
1627942446087 1772863138617
1627943457087 1772864239617
1627951545087 1772873047617
1627952556087 1772874148617
1627953567087 1772875249617
1627961655087 1772884057617
1627962666087 1772885158617
1627963677087 1772886259617
1627971765087 1772895067617
1627972776087 1772896168617
1627973787087 1772897269617
1628187925087 1774708880617
1628288936087 1774818981617
1628732037087 1773723019617
1628742147087 1773734029617
1628752257087 1773745039617
1628762367087 1773756049617
1628772477087 1773767059617
1628782587087 1773778069617
1628792697087 1773789079617
1628822016087 1773821008617
1628823027087 1773822109617
1628832126087 1773832018617
1628833137087 1773833119617
1628842236087 1773843028617
1628843247087 1773844129617
1628852346087 1773854038617
1628853357087 1773855139617
1628862456087 1773865048617
1628863467087 1773866149617
1628872566087 1773876058617
1628873577087 1773877159617
1628882676087 1773887068617
1628883687087 1773888169617
1628892786087 1773898078617
1628893797087 1773899179617
1628922105087 1773930007617
1628923116087 1773931108617
1628924127087 1773932209617
1628932215087 1773941017617
1628933226087 1773942118617
1628934237087 1773943219617
1628942325087 1773952027617
1628943336087 1773953128617
1628944347087 1773954229617
1628952435087 1773963037617
1628953446087 1773964138617
1628954457087 1773965239617
1628962545087 1773974047617
1628963556087 1773975148617
1628964567087 1773976249617
1628972655087 1773985057617
1628973666087 1773986158617
1628974677087 1773987259617
1628982765087 1773996067617
1628983776087 1773997168617
1628984787087 1773998269617
1629743037087 1774824019617
1629753147087 1774835029617
1629763257087 1774846039617
1629773367087 1774857049617
1629783477087 1774868059617
1629793587087 1774879069617
1629833016087 1774922008617
1629834027087 1774923109617
1629843126087 1774933018617
1629844137087 1774934119617
1629853236087 1774944028617
1629854247087 1774945129617
1629863346087 1774955038617
1629864357087 1774956139617
1629873456087 1774966048617
1629874467087 1774967149617
1629883566087 1774977058617
1629884577087 1774978159617
1629893676087 1774988068617
1629894687087 1774989169617
1630774050387 1792043285217
1630784061387 1792054286217
1630794072387 1792065287217
1630874160387 1792153295217
1630884171387 1792164296217
1630894182387 1792175297217
1631675040387 1793033375217
1631685051387 1793044376217
1631695062387 1793055377217
1631775150387 1793143385217
1631785161387 1793154386217
1631795172387 1793165387217
1631875260387 1793253395217
1631885271387 1793264396217
1631895282387 1793275397217
1632171795387 1795387163217
1632576030387 1794023465217
1632586041387 1794034466217
1632596052387 1794045467217
1632676140387 1794133475217
1632686151387 1794144476217
1632696162387 1794155477217
1632776250387 1794243485217
1632786261387 1794254486217
1632796272387 1794265487217
1632876360387 1794353495217
1632886371387 1794364496217
1632896382387 1794375497217
1633477020387 1795013555217
1633487031387 1795024556217
1633497042387 1795035557217
1633577130387 1795123565217
1633587141387 1795134566217
1633597152387 1795145567217
1633677240387 1795233575217
1633687251387 1795244576217
1633697262387 1795255577217
1633777350387 1795343585217
1633787361387 1795354586217
1633797372387 1795365587217
1633877460387 1795453595217
1633887471387 1795464596217
1633897482387 1795475597217
1634378010387 1796003645217
1634388021387 1796014646217
1634398032387 1796025647217
1634478120387 1796113655217
1634488131387 1796124656217
1634498142387 1796135657217
1634578230387 1796223665217
1634588241387 1796234666217
1634598252387 1796245667217
1634678340387 1796333675217
1634688351387 1796344676217
1634698362387 1796355677217
1634778450387 1796443685217
1634788461387 1796454686217
1634798472387 1796465687217
1634878560387 1796553695217
1634888571387 1796564696217
1634898582387 1796575697217
1635289011387 1797004736217
1635299022387 1797015737217
1635379110387 1797103745217
1635389121387 1797114746217
1635399132387 1797125747217
1635479220387 1797213755217
1635489231387 1797224756217
1635499242387 1797235757217
1635579330387 1797323765217
1635589341387 1797334766217
1635599352387 1797345767217
1635679440387 1797433775217
1635689451387 1797444776217
1635699462387 1797455777217
1635779550387 1797543785217
1635789561387 1797554786217
1635799572387 1797565787217
1635879660387 1797653795217
1635889671387 1797664796217
1635899682387 1797675797217
1636225908387 1783646620917
1636316809387 1783745711917
1636920429387 1782640348917
1636930539387 1782651358917
1636940649387 1782662368917
1636950759387 1782673378917
1636960869387 1782684388917
1636970979387 1782695398917
1637134918387 1784637530917
1637225819387 1784736621917
1637820219387 1783620238917
1637830329387 1783631248917
1637840439387 1783642258917
1637850549387 1783653268917
1637860659387 1783664278917
1637870769387 1783675288917
1637880879387 1783686298917
1637917178387 1783871637917
1637921319387 1783730338917
1637930418387 1783740247917
1637931429387 1783741348917
1637940528387 1783751257917
1637941539387 1783752358917
1637950638387 1783762267917
1637951649387 1783763368917
1637960748387 1783773277917
1637961759387 1783774378917
1637970858387 1783784287917
1637971869387 1783785388917
1637980968387 1783795297917
1637981979387 1783796398917
1638043928387 1785628440917
1638134829387 1785727531917
1638720009387 1784600128917
1638730119387 1784611138917
1638740229387 1784622148917
1638750339387 1784633158917
1638760449387 1784644168917
1638770559387 1784655178917
1638780669387 1784666188917
1638790779387 1784677198917
1638821109387 1784710228917
1638830208387 1784720137917
1638831219387 1784721238917
1638840318387 1784731147917
1638841329387 1784732248917
1638850428387 1784742157917
1638851439387 1784743258917
1638860538387 1784753167917
1638861549387 1784754268917
1638870648387 1784764177917
1638871659387 1784765278917
1638880758387 1784775187917
1638881769387 1784776288917
1638890868387 1784786197917
1638891879387 1784787298917
1638922209387 1784820328917
1638931308387 1784830237917
1638932319387 1784831338917
1638940407387 1784840146917
1638941418387 1784841247917
1638942429387 1784842348917
1638950517387 1784851156917
1638951528387 1784852257917
1638952539387 1784853358917
1638960627387 1784862166917
1638961638387 1784863267917
1638962649387 1784864368917
1638970737387 1784873176917
1638971748387 1784874277917
1638972759387 1784875378917
1638980847387 1784884186917
1638981858387 1784885287917
1638982869387 1784886388917
1638990957387 1784895196917
1638991968387 1784896297917
1638992979387 1784897398917
1639043839387 1786718441917
1639422290387 1784064306917
1639640019387 1785602038917
1639650129387 1785613048917
1639660239387 1785624058917
1639670349387 1785635068917
1639680459387 1785646078917
1639690569387 1785657088917
1639731009387 1785701128917
1639740108387 1785711037917
1639741119387 1785712138917
1639750218387 1785722047917
1639751229387 1785723148917
1639760328387 1785733057917
1639761339387 1785734158917
1639770438387 1785744067917
1639771449387 1785745168917
1639780548387 1785755077917
1639781559387 1785756178917
1639790658387 1785766087917
1639791669387 1785767188917
1639832109387 1785811228917
1639841208387 1785821137917
1639842219387 1785822238917
1639850307387 1785831046917
1639851318387 1785832147917
1639852329387 1785833248917
1639860417387 1785842056917
1639861428387 1785843157917
1639862439387 1785844258917
1639870527387 1785853066917
1639871538387 1785854167917
1639872549387 1785855268917
1639880637387 1785864076917
1639881648387 1785865177917
1639882659387 1785866278917
1639890747387 1785875086917
1639891758387 1785876187917
1639892769387 1785877288917
1639933209387 1785921328917
1639942308387 1785931237917
1639943319387 1785932338917
1639951407387 1785941146917
1639952418387 1785942247917
1639953429387 1785943348917
1639960506387 1785951055917
1639961517387 1785952156917
1639962528387 1785953257917
1639963539387 1785954358917
1639970616387 1785962065917
1639971627387 1785963166917
1639972638387 1785964267917
1639973649387 1785965368917
1639980726387 1785973075917
1639981737387 1785974176917
1639982748387 1785975277917
1639983759387 1785976378917
1639990836387 1785984085917
1639991847387 1785985186917
1639992858387 1785986287917
1639993869387 1785987388917
1650576772987 1664067878287
1650686883987 1664178889287
1651567771987 1665066977287
1651677882987 1665177988287
1651787993987 1665288999287
1653216411987 1668245500287
1653315412987 1668345401287
1653414413987 1668445302287
1653513414987 1668545203287
1653612415987 1668645104287
1653711416987 1668745005287
1654206421987 1669244510287
1654305422987 1669344411287
1654404423987 1669444312287
1654503424987 1669544213287
1654602425987 1669644114287
1654701426987 1669744015287
1680295731887 1694029747187
1681286730887 1695028846187
1681396841887 1695139857187
1682015802887 1697306701187
1682114803887 1697406602187
1682213804887 1697506503187
1682312805887 1697606404187
1682387840887 1696138956187
1682411806887 1697706305187
1682497951887 1696249967187
1682510807887 1697806206187
1683005812887 1698305711187
1683104813887 1698405612187
1683203814887 1698505513187
1683302815887 1698605414187
1683401816887 1698705315187
1683500817887 1698805216187
1710161198817 1728971070117
1710196281817 1727280970117
1710286372817 1727371961117
1710289721817 1727219880117
1710376463817 1727462952117
1710466554817 1727553943117
1710556645817 1727644934117
1710637700817 1726017906117
1710646736817 1727735925117
1710736827817 1727826916117
1710737801817 1726118907117
1710826918817 1727917907117
1710837902817 1726219908117
1710998737817 1727918996117
1711061289817 1729881061117
1711097191817 1728190880117
1711187282817 1728281871117
1711277373817 1728372862117
1711289822817 1728229881117
1711367464817 1728463853117
1711457555817 1728554844117
1711511170817 1727070206117
1711547646817 1728645835117
1711610171817 1727170107117
1711637737817 1728736826117
1711638710817 1727027916117
1711701728817 1728817017117
1711727828817 1728827817117
1711738811817 1727128917117
1711817919817 1728918808117
1711838912817 1727229918117
1711872898817 1728988187117
1711999838817 1728929997117
1712088192817 1729191781117
1712178283817 1729282772117
1712268374817 1729373763117
1712289923817 1729239882117
1712358465817 1729464754117
1712448556817 1729555745117
1712538647817 1729646736117
1712628738817 1729737727117
1712639720817 1728037926117
1712718829817 1729828718117
1712739821817 1728138927117
1712839922817 1728239928117
1740097484717 1757480883017
1740187575717 1757571874017
1740211560717 1756031506017
1740277666717 1757662865017
1740310561717 1756131407017
1740367757717 1757753856017
1740457848717 1757844847017
1740547939717 1757935838017
1741088485717 1758481784017
1741178576717 1758572775017
1741201570717 1757030516017
1741268667717 1758663766017
1741300571717 1757130417017
1741358758717 1758754757017
1741448849717 1758845748017
1742079486717 1759482685017
1742169577717 1759573676017
1742259668717 1759664667017
1742349759717 1759755658017
1781196998917 1798990977217
1782187999917 1799991878217
1801587294947 1819584970247
1801677385947 1819675961247
1801767476947 1819766952247
1801857567947 1819857943247
1801947658947 1819948934247
1830414341847 1847054304147
1830497496847 1848783982147
1830513342847 1847154205147
1830587587847 1848874973147
1830612343847 1847254106147
1830677678847 1848965964147
1830711344847 1847354007147
1831404351847 1848053314147
1831488497847 1849784883147
1831503352847 1848153215147
1831578588847 1849875874147
1831602353847 1848253116147
1831668679847 1849966865147
1831701354847 1848353017147
1860104741747 1877014614047
1860203742747 1877114515047
1860302743747 1877214416047
1860398699747 1878983895047
1860401744747 1877314317047
1860500745747 1877414218047
1900789197777 1919777890077
1900879288777 1919868881077
1900969379777 1919959872077
1940417322977 1958057302277
1940516323977 1958157203277
1940615324977 1958257104277
1940714325977 1958357005277
1941407332977 1959056312277
1941506333977 1959156213277
1941605334977 1959256114277
1941704335977 1959356015277
1970107722877 1988017612177
1970206723877 1988117513177
1970305724877 1988217414177
1970404725877 1988317315177
1970503726877 1988417216177
1970602727877 1988517117177
1970701728877 1988617018177
3005990869569 3008695990569
3020385055969 3253589650009
3020997696969 3030989994669
3021218766969 3030218787669
3023230906969 3232030969609
3023500323969 3031610037669
3023676942969 3041878944369
3023690157969 3053996721069
3025023182969 3223201586909
3028045482969 3226421886909
3028099555969 3055599928069
3028611317969 3057975104069
3029060323969 3239690203609
3029070353969 3239790503609
3029080383969 3239890803609
3029623617969 3057985227069
3030800212669 3242962000309
3030810315669 3243972300309
3030820418669 3244982600309
3031385272669 3242589433309
3031810512669 3242972103309
3031820615669 3243982403309
3031830718669 3244992703309
3032230909669 3223030966909
3032240650669 3254662630009
3032329094669 3232309496609
3032510580669 3254952360009
3032781115669 3043793410369
3032820812669 3242982206309
3032830915669 3243992506309
3032873045669 3043885340369
3032974168669 3044896570369
3033059381669 3233219963609
3033691222669 3042883303369
3033783152669 3042975233369
3033792345669 3043894533369
3033884275669 3043986463369
3033985398669 3044997693369
3034275061669 3234677203609
3034409282669 3246829460309
3034449002669 3044469020369
3035387294669 3235789436609
3036092327669 3238496303609
3036233807669 3236231669609
3036820058669 3048946400369
3037156504669 3056385523069
3037180956669 3227361696909
3037208893669 3259846693009
3037312719669 3038051286669
3037447105669 3047477023369
3037822235669 3047944223369
3037832358669 3048956523369
3038077434669 3056477616069
3038169527669 3057398546069
3038409375669 3249937266309
3038509572669 3248935296309
3038733305669 3047853116369
3038743428669 3048865416369
3038824412669 3046942046369
3038834535669 3047954346369
3038844658669 3048966646369
3039090223669 3229660303909
3039190523669 3229670333909
3039290823669 3229680363909
3039745605669 3047863239369
3039755728669 3048875539369
3039836712669 3046952169369
3039846835669 3047964469369
3039856958669 3048976769369
3040902202369 3232860010609
3040912305369 3233870310609
3040922408369 3234880610609
3041259149369 3243039569309
3041519094369 3221539056909
3041912502369 3232870113609
3041922605369 3233880413609
3041932708369 3234890713609
3042423090369 3242403096309
3042922802369 3232880216609
3042932905369 3233890516609
3044069804369 3054087842069
3045164283369 3245324469309
3045435390369 3245613396309
3045607528369 3236613649609
3047369618369 3048198455369
3048146460369 3248502666309
3048176583369 3248534769309
3048382167369 3057674238069
3048439095369 3239907546609
3048447690369 3248823696309
3048475097369 3057767168069
3048539292369 3238905576609
3050029422069 3254029620009
3051049525069 3255049723009
3052066935069 3256066953009
3052069628069 3256069826009
3052093865069 3256095683009
3052096558069 3256098556009
3052149082069 3254109286009
3052365858069 3256385856009
3053019345069 3257219523009
3053230009069 3235030009609
3053260239069 3235062039609
3053290469069 3235094069609
3053532309069 3235350309609
3053562539069 3235382339609
3053834609069 3235670609609
3054381567069 3246272379309
3055058858069 3259258856009
3055085788069 3259287586009
3055408497069 3249708843309
3056253009069 3238233009609
3056283239069 3238265039609
3056419467069 3249607746309
3056555309069 3238553309609
3056582516069 3238582136609
3056585539069 3238585339609
3056857609069 3238873609609
3057372744069 3249451476309
3057729156069 3239905536609
3060618875769 3152427993939
3060674255769 3172887333339
3061273562769 3151356516939
3061610362769 3161600276639
3061640675769 3161631579639
3062213515769 3163101656639
3062566068769 3175798153339
3063392255769 3174786306339
3063485085769 3174879136339
3064641662769 3164730576639
3064671975769 3164761879639
3064685275769 3165887246639
3065548958769 3166546989639
3066164728769 3167152769639
3067408385769 3179838273339
3067672962769 3167860876639
3068698275769 3158867359939
3071255374469 3172226477339
3071302537469 3154012634939
3071784461469 3161777127639
3072057761469 3173118954339
3072149644469 3174037784339
3072572214469 3164483104639
3072767157469 3165597064639
3073068474469 3174129667339
3073593344469 3164585217639
3073686174469 3164678047639
3073728797469 3156528984939
3073788287469 3165699177639
3074236561469 3175305674339
3074266674469 3175336777339
3074612761469 3176721671339
3075292837469 3158085644939
3075324227469 3167213337639
3075593707469 3158394614939
3076018367469 3189448254039
3076270327469 3168160247639
3076315691469 3178606761339
3076571627469 3168470547639
3076872927469 3168780847639
3077039237469 3189346167039
3077247861469 3178415974339
3078549074469 3169608267639
3081274493169 3184285392039
3081720350169 3182700165039
3081750563169 3182731368039
3082393163169 3173368008339
3082476629169 3175296708339
3082773303169 3154282015939
3083134033169 3176036012339
3083574859169 3176292878339
3083794433169 3154384128939
3083989376169 3155498088939
3084165246169 3177067225339
3084235793169 3187345692039
3084422159169 3158115405939
3084741650169 3185820465039
3084771863169 3185851668039
3085196459169 3178098438339
3085594676169 3177383598339
3086232803169 3179030742339
3086237276169 3179229345339
3086339363169 3178208475339
3087258146169 3179127258339
3087762950169 3188940765039
3100261904439 3200162932509
3100292627439 3200194645509
3100571927439 3200482945509
3101177141439 3211168441209
3101540771439 3210451684209
3101850894439 3210772697209
3102277164439 3212268464209
3102380041439 3212492121209
3102449171439 3201559252509
3103054904439 3203045932509
3103082834439 3203074762509
3103085627439 3203077645509
3103364927439 3203365945509
3103377187439 3213368487209
3103392857439 3203394775509
3103549294439 3202659375509
3103806227439 3214927414209
3104096427439 3215088554209
3104168141439 3203368312509
3104607371439 3214727371209
3105097357439 3215188647209
3105269264439 3204469435509
3105310727439 3204320548509
3105408287439 3204507478509
3105609464439 3215729464209
3106157927439 3206248945509
3106185857439 3206277775509
3106603194439 3217924361209
3107087427439 3207279425509
3107606287439 3218927454209
3107705494439 3217935384209
3108089357439 3207379618509
3108130634439 3207230365509
3108443957439 3207553678509
3108708587439 3218938477209
3110327138139 3210227338209
3110604545139 3210513655209
3110635368139 3210545468209
3110726052139 3210746042209
3110912775139 3210831785209
3110943598139 3210863598209
3111680718139 3203680850509
3111836275139 3211856265209
3112560902139 3201590413509
3112670925139 3202690643509
3112780948139 3203790873509
3112946498139 3212966488209
3113094368139 3213086368209
3113167392139 3201378236509
3113409438139 3213408638209
3113717668139 3213726768209
3114095718139 3205089263509
3114528092139 3204806650509
3114639168139 3214749248209
3114808325139 3203925316509
3115096648139 3205189356509
3115319482139 3215508762209
3115412082139 3214511075209
3116097578139 3205289449509
3117625092139 3206902463509
3118213152139 3217401245209
3118244275139 3217433358209
3118333418139 3208513426509
3118524382139 3217722375209
3118617162139 3206803256509
3118628185139 3207905556509
3118727392139 3206913486509
3119609232139 3206704049509
3119719462139 3206814279509
3150678823939 3160769923639
3154356138939 3176596152339
3154422822939 3172602648339
3154818243939 3164929143639
3158457149939 3169588046639
3159082473939 3167360919639
3160056120639 3180436320039
3160158123639 3181456350039
3161076150639 3180538323039
3161085423639 3181465623039
3161178153639 3181558353039
3161187426639 3182485653039
3161366224639 3172475341339
3162488357639 3173597474339
3162940335639 3163950432639
3162950538639 3164970732639
3163970838639 3164980935639
3165103846639 3186645613039
3165205843639 3185625643039
3165307840639 3184605673039
3166123816639 3186543616039
3166225813639 3185523646039
3166327810639 3184503676039
3166705541639 3175804364339
3167160864639 3177471924339
3167624614639 3176723437339
3170348223339 3171266250339
3171377526339 3172295553339
3172611166339 3174651160339
3172621469339 3175681460339
3172714196339 3174754190339
3172724499339 3175784490339
3173641466339 3174661463339
3173651769339 3175691763339
3173744496339 3174764493339
3173754799339 3175794793339
3175313746339 3176435713339
3176015525339 3186224435039
3177046728339 3187255638039
3178268929339 3179096686339
3190830236739 3293760133809
3190906450739 3292704480809
3190933166739 3293863063809
3190943459739 3294892363809
3191832813739 3293630843809
3191952173739 3292844056809
3191962466739 3293873356809
3192971180739 3291825049809
3192981473739 3292854349809
3192991766739 3293883649809
3193623029739 3296643016809
3194695196739 3295667269809
3196179043739 3297118446809
3197796173739 3298866256809
3202907562509 3212819274209
3205494568509 3216494767209
3208251375509 3219371544209
3208641742509 3217570537209
3209417845509 3219247387209
3223095525909 3255293925009
3223185616909 3255384916009
3223275707909 3255475907009
3224086526909 3256294826009
3224176617909 3256385817009
3224266708909 3256476808009
3225077527909 3257295727009
3225167618909 3257386718009
3225257709909 3257477709009
3226068528909 3258296628009
3226158619909 3258387619009
3227059529909 3259297529009
3366031920979 3396631902079
3366130921979 3396731803079
3367021930979 3397630912079
3367120931979 3397730813079
3413497448949 3447597944049
3413587539949 3447688935049
3414488449949 3448598845049
3501903536919 3536919035019
3503198354919 3538194953019
3503288445919 3538285944019
3503378536919 3538376935019
3503468627919 3538467926019
3503536901919 3535036919019
3503558718919 3538558917019
3503648809919 3538649908019
3504189355919 3539195854019
3504279446919 3539286845019
3504369537919 3539377836019
3504459628919 3539468827019
3504537911919 3536046929019
3504549719919 3539559818019
3505538921919 3537056939019
3506539931919 3538066949019
3663035910989 3696335901089
3663134911989 3696435802089
3663233912989 3696535703089
3663332913989 3696635604089
3663431914989 3696735505089
3663530915989 3696835406089
3664025920989 3697334911089
3664124921989 3697434812089
3664223922989 3697534713089
3664322923989 3697634614089
3664421924989 3697734515089
3664520925989 3697834416089
3665015930989 3698333921089
3665114931989 3698433822089
3665213932989 3698533723089
3665312933989 3698633624089
3665411934989 3698733525089
3665510935989 3698833426089
3666005940989 3699332931089
3666104941989 3699432832089
3666203942989 3699532733089
3666302943989 3699632634089
3666401944989 3699732535089
3666500945989 3699832436089
3732333640959 3766263604059
3732432641959 3766363505059
3732531642959 3766463406059
3732630643959 3766563307059
3733323650959 3767262614059
3733422651959 3767362515059
3733521652959 3767462416059
3733620653959 3767562317059
3734313660959 3768261624059
3734412661959 3768361525059
3734511662959 3768461426059
3734610663959 3768561327059
3735303670959 3769260634059
3735402671959 3769360535059
3735501672959 3769460436059
3735600673959 3769560337059
3841231770929 3876151707029
3841330771929 3876251608029
3842221780929 3877150717029
3842320781929 3877250618029
3920439500999 3956079500099
3920538501999 3956179401099
3920637502999 3956279302099
3920641053999 3957581220099
3920736503999 3956379203099
3920772186999 3958892550099
3920835504999 3956479104099
3920934505999 3956579005099
3921429510999 3957078510099
3921528511999 3957178411099
3921530396999 3932150399699
3921627512999 3957278312099
3921726513999 3957378213099
3921825514999 3957478114099
3921924515999 3957578015099
3922419520999 3958077520099
3922518521999 3958177421099
3922617522999 3958277322099
3922716523999 3958377223099
3922815524999 3958477124099
3922914525999 3958577025099
3923409530999 3959076530099
3923508531999 3959176431099
3923607532999 3959276332099
3923706533999 3959376233099
3923805534999 3959476134099
3923904535999 3959576035099
3930623500699 3953266003099
3930754533699 3954576333099
3930885566699 3955886663099
3931933830699 3953397036099
3932547139699 3958747333099
3932561043699 3945661230399
3932692176699 3946972560399
3933741240699 3944481033399
3933872373699 3945792363399
3941355103399 3942534400399
3941448316399 3954538423099
3941486136399 3943844730399
3941612413399 3953524123099
3941640570399 3952350483099
3942219810399 3954129720099
3942517713399 3954428523099
3942796466399 3943975763399
3942815616399 3954727326099
3944429219399 3957529226099
3944900376399 3956930256099
3947623596399 3948934563399