1000208010807 1010109070107
1001020710807 1010020807107
1001080110807 1011080800107
1001120811807 1010121808107
1001180217807 1012081870107
1001208111807 1011119071107
1001208117807 1011109177107
1001220912807 1010222809107
1001911791807 1010928088107
1002021720807 1011030817107
1002071111807 1012081701107
1002081180807 1011180907107
1002121821807 1011131818107
1002181287807 1012181977107
1002208212807 1012129072107
1002221922807 1011232819107
1003022730807 1012040827107
1003062112807 1013082602107
1003122831807 1012141828107
1003208313807 1013139073107
1003222932807 1012242829107
1004023740807 1013050837107
1004053113807 1014083503107
1004123841807 1013151838107
1004208414807 1014149074107
1004223942807 1013252839107
1005024750807 1014060847107
1005044114807 1015084404107
1005124851807 1014161848107
1005208515807 1015159075107
1005224952807 1014262849107
1006025760807 1015070857107
1006035115807 1016085305107
1006125861807 1015171858107
1006208616807 1016169076107
1006225962807 1015272859107
1007026116807 1017086206107
1007026770807 1016080867107
1007126871807 1016181868107
1007208717807 1017179077107
1007226972807 1016282869107
1008017117807 1018087107107
1008027780807 1017090877107
1008127881807 1017191878107
1008170907807 1009078170807
1008208818807 1018189078107
1008227982807 1017292879107
1009008118807 1019088008107
1009117182807 1018281709107
1009208919807 1019199079107
1010710117107 1011710710107
1010811187107 1011811780107
1011171208107 1012081171107
1016102087107 1017208610107
1024172509407 1025094172407
1030080403707 1040370803007
1031071404707 1041371704007
1032062405707 1042372605007
1033053406707 1043373506007
1034044407707 1044374407007
1035035408707 1045375308007
1036026409707 1046376209007
1060710617607 1061760710607
1060816687607 1061866780607
1072080827907 1082790807207
1073071828907 1083791708207
1074062829907 1084792609207
1104480547437 1105474480437
1110149113737 1121138480037
1110291123737 1121382820037
1110381214737 1121473811037
1110471305737 1121564802037
1111024702737 1121013836037
1111124803737 1121114837037
1111149214737 1122148481037
1111192033737 1122292730037
1111224904737 1121215838037
1111282124737 1122383721037
1111372215737 1122474712037
1111462306737 1122565703037
1111491584737 1121584848037
1111515850737 1121518484037
1112025712737 1122023846037
1112125813737 1122124847037
1112149315737 1123158482037
1112183034737 1123293631037
1112225914737 1122225848037
1112273125737 1123384622037
1112363216737 1123475613037
1112453307737 1123566604037
1112615961737 1122628495037
1113026722737 1123033856037
1113126823737 1123134857037
1113149416737 1124168483037
1113174035737 1124294532037
1113226924737 1123235858037
1113264126737 1124385523037
1113354217737 1124476514037
1113444308737 1124567505037
1114027732737 1124043866037
1114127833737 1124144867037
1114149517737 1125178484037
1114165036737 1125295433037
1114227934737 1124245868037
1114255127737 1125386424037
1114345218737 1125477415037
1114435309737 1125568406037
1115028742737 1125053876037
1115048251737 1125174815037
1115128843737 1125154877037
1115149618737 1126188485037
1115156037737 1126296334037
1115228944737 1125255878037
1115246128737 1126387325037
1115336219737 1126478316037
1116029752737 1126063886037
1116129853737 1126164887037
1116147038737 1127297235037
1116149719737 1127198486037
1116229954737 1126265888037
1116237129737 1127388226037
1117138039737 1128298136037
1117481848737 1118487481737
1120482149037 1121490482037
1133711348337 1134833711337
1151390637937 1162892914237
1151480728937 1162983905237
1152381638937 1163893815237
1152471729937 1163984806237
1153372639937 1164894716237
1155439304937 1165724088237
1183711848837 1184883711837
1204790587467 1205874790467
1210130570767 1220021658067
1210189216767 1222168880067
1210228810767 1221119771067
1210240681767 1220132669067
1210592136767 1222685830067
1210682227767 1222776821067
1210772318767 1222867812067
1210862409767 1222958803067
1211079220767 1222077911067
1211128705767 1222017866067
1211189317767 1223178881067
1211199091767 1221198809067
1211228806767 1222118867067
1211231680767 1221131768067
1211328907767 1222219868067
1211328921767 1222229782067
1211341791767 1221242779067
1211493046767 1223595740067
1211583137767 1223686731067
1211673228767 1223777722067
1211763319767 1223868713067
1211771830767 1221687218067
1211892897767 1222897888067
1212129715767 1223027876067
1212189418767 1224188882067
1212229816767 1223128877067
1212329917767 1223229878067
1212332790767 1222241878067
1212484047767 1224596641067
1212574138767 1224687632067
1212664229767 1224778623067
1213189519767 1225198883067
1213475048767 1225597542067
1213565139767 1225688533067
1214466049767 1226598443067
1215511210767 1226561201067
1215610211767 1226661102067
1216501220767 1227560211067
1216600221767 1227660112067
1216621092767 1227780613067
1217671218767 1218767121767
1217682188767 1218876821767
1217780918767 1218778091767
1217791888767 1218887791767
1217915811767 1227772069067
1218779188767 1218877918767
1218916710767 1228781068067
1220792189067 1221890792067
1222179319067 1223179192067
1236712379367 1237936712367
1256136716967 1268583660267
1257135817967 1269592661267
1257279686967 1268697957267
1267001268267 1268267001267
1267012671267 1267126701267
1267127968267 1268279671267
1286009836867 1298752790167
1286712879867 1287986712867
1287008937867 1299761791167
1301316144897 1430004885627
1301326155897 1430015886627
1301336166897 1430026887627
1301346177897 1430037888627
1301356188897 1430048889627
1301406243897 1430103894627
1301416254897 1430114895627
1301426265897 1430125896627
1301436276897 1430136897627
1301446287897 1430147898627
1301456298897 1430158899627
1301983149897 1314989830197
1302227145897 1431005976627
1302237156897 1431016977627
1302247167897 1431027978627
1302257178897 1431038979627
1302317244897 1431104985627
1302327255897 1431115986627
1302337266897 1431126987627
1302347277897 1431137988627
1302357288897 1431148989627
1302407343897 1431203994627
1302417354897 1431214995627
1302427365897 1431225996627
1302437376897 1431236997627
1302447387897 1431247998627
1302457398897 1431258999627
1302884059897 1315899740197
1305335628897 1434305799627
1305628434897 1434898305627
1306271436897 1436897130627
1309462843897 1438983094627
1312125516197 1430203952627
1313135626197 1431304962627
1313229485197 1430249818627
1313400136197 1430320029627
1313410246197 1430331039627
1313420356197 1430342049627
1313430466197 1430353059627
1313440576197 1430364069627
1313450686197 1430375079627
1313460796197 1430386089627
1313501236197 1430430129627
1313510335197 1430440038627
1313511346197 1430441139627
1313520445197 1430451048627
1313521456197 1430452149627
1313530555197 1430462058627
1313531566197 1430463159627
1313540665197 1430473068627
1313541676197 1430474169627
1313550775197 1430484078627
1313551786197 1430485179627
1313560885197 1430495088627
1313561896197 1430496189627
1313602336197 1430540229627
1313611435197 1430550138627
1313612446197 1430551239627
1313620534197 1430560047627
1313621545197 1430561148627
1313622556197 1430562249627
1313630644197 1430571057627
1313631655197 1430572158627
1313632666197 1430573259627
1313640754197 1430582067627
1313641765197 1430583168627
1313642776197 1430584269627
1313650864197 1430593077627
1313651875197 1430594178627
1313652886197 1430595279627
1313703436197 1430650329627
1313712535197 1430660238627
1313713546197 1430661339627
1313721634197 1430670147627
1313722645197 1430671248627
1313723656197 1430672349627
1313730733197 1430680056627
1313731744197 1430681157627
1313732755197 1430682258627
1313733766197 1430683359627
1313740843197 1430691066627
1313741854197 1430692167627
1313742865197 1430693268627
1313743876197 1430694369627
1313804536197 1430760429627
1313813635197 1430770338627
1313814646197 1430771439627
1313822734197 1430780247627
1313823745197 1430781348627
1313824756197 1430782449627
1313831833197 1430790156627
1313832844197 1430791257627
1313833855197 1430792358627
1313834866197 1430793459627
1313905636197 1430870529627
1313914735197 1430880438627
1313915746197 1430881539627
1313923834197 1430890347627
1313924845197 1430891448627
1313925856197 1430892549627
1314145736197 1432405972627
1314401026197 1431410019627
1314411136197 1431421029627
1314421246197 1431432039627
1314431356197 1431443049627
1314441466197 1431454059627
1314451576197 1431465069627
1314461686197 1431476079627
1314471796197 1431487089627
1314502126197 1431520119627
1314511225197 1431530028627
1314512236197 1431531129627
1314521335197 1431541038627
1314522346197 1431542139627
1314531445197 1431552048627
1314532456197 1431553149627
1314541555197 1431563058627
1314542566197 1431564159627
1314551665197 1431574068627
1314552676197 1431575169627
1314561775197 1431585078627
1314562786197 1431586179627
1314571885197 1431596088627
1314572896197 1431597189627
1314603226197 1431630219627
1314612325197 1431640128627
1314613336197 1431641229627
1314621424197 1431650037627
1314622435197 1431651138627
1314623446197 1431652239627
1314631534197 1431661047627
1314632545197 1431662148627
1314633556197 1431663249627
1314641644197 1431672057627
1314642655197 1431673158627
1314643666197 1431674259627
1314651754197 1431683067627
1314652765197 1431684168627
1314653776197 1431685269627
1314661864197 1431694077627
1314662875197 1431695178627
1314663886197 1431696279627
1314704326197 1431740319627
1314713425197 1431750228627
1314714436197 1431751329627
1314722524197 1431760137627
1314723535197 1431761238627
1314724546197 1431762339627
1314731623197 1431770046627
1314732634197 1431771147627
1314733645197 1431772248627
1314734656197 1431773349627
1314741733197 1431781056627
1314742744197 1431782157627
1314743755197 1431783258627
1314744766197 1431784359627
1314751843197 1431792066627
1314752854197 1431793167627
1314753865197 1431794268627
1314754876197 1431795369627
1314805426197 1431850419627
1314814525197 1431860328627
1314815536197 1431861429627
1314823624197 1431870237627
1314824635197 1431871338627
1314825646197 1431872439627
1314832723197 1431880146627
1314833734197 1431881247627
1314834745197 1431882348627
1314835756197 1431883449627
1314841822197 1431890055627
1314842833197 1431891156627
1314843844197 1431892257627
1314844855197 1431893358627
1314845866197 1431894459627
1314906526197 1431960519627
1314915625197 1431970428627
1314916636197 1431971529627
1314924724197 1431980337627
1314925735197 1431981438627
1314926746197 1431982539627
1314933823197 1431990246627
1314934834197 1431991347627
1314935845197 1431992448627
1314936856197 1431993549627
1315155846197 1433506982627
1315412026197 1432511019627
1315422136197 1432522029627
1315432246197 1432533039627
1315442356197 1432544049627
1315452466197 1432555059627
1315462576197 1432566069627
1315472686197 1432577079627
1315482796197 1432588089627
1315503016197 1432610109627
1315512115197 1432620018627
1315513126197 1432621119627
1315522225197 1432631028627
1315523236197 1432632129627
1315532335197 1432642038627
1315533346197 1432643139627
1315542445197 1432653048627
1315543456197 1432654149627
1315552555197 1432664058627
1315553566197 1432665159627
1315562665197 1432675068627
1315563676197 1432676169627
1315572775197 1432686078627
1315573786197 1432687179627
1315582885197 1432697088627
1315583896197 1432698189627
1315604116197 1432720209627
1315613215197 1432730118627
1315614226197 1432731219627
1315622314197 1432740027627
1315623325197 1432741128627
1315624336197 1432742229627
1315632424197 1432751037627
1315633435197 1432752138627
1315634446197 1432753239627
1315642534197 1432762047627
1315643545197 1432763148627
1315644556197 1432764249627
1315652644197 1432773057627
1315653655197 1432774158627
1315654666197 1432775259627
1315662754197 1432784067627
1315663765197 1432785168627
1315664776197 1432786269627
1315672864197 1432795077627
1315673875197 1432796178627
1315674886197 1432797279627
1315705216197 1432830309627
1315714315197 1432840218627
1315715326197 1432841319627
1315723414197 1432850127627
1315724425197 1432851228627
1315725436197 1432852329627
1315732513197 1432860036627
1315733524197 1432861137627
1315734535197 1432862238627
1315735546197 1432863339627
1315742623197 1432871046627
1315743634197 1432872147627
1315744645197 1432873248627
1315745656197 1432874349627
1315752733197 1432882056627
1315753744197 1432883157627
1315754755197 1432884258627
1315755766197 1432885359627
1315762843197 1432893066627
1315763854197 1432894167627
1315764865197 1432895268627
1315765876197 1432896369627
1315806316197 1432940409627
1315815415197 1432950318627
1315816426197 1432951419627
1315824514197 1432960227627
1315825525197 1432961328627
1315826536197 1432962429627
1315833613197 1432970136627
1315834624197 1432971237627
1315835635197 1432972338627
1315836646197 1432973439627
1315842712197 1432980045627
1315843723197 1432981146627
1315844734197 1432982247627
1315845745197 1432983348627
1315846756197 1432984449627
1315852822197 1432991055627
1315853833197 1432992156627
1315854844197 1432993257627
1315855855197 1432994358627
1315856866197 1432995459627
1316165956197 1434607992627
1316423026197 1433612019627
1316433136197 1433623029627
1316443246197 1433634039627
1316453356197 1433645049627
1316463466197 1433656059627
1316473576197 1433667069627
1316483686197 1433678079627
1316493796197 1433689089627
1316513005197 1433710008627
1316514016197 1433711109627
1316523115197 1433721018627
1316524126197 1433722119627
1316533225197 1433732028627
1316534236197 1433733129627
1316543335197 1433743038627
1316544346197 1433744139627
1316553445197 1433754048627
1316554456197 1433755149627
1316563555197 1433765058627
1316564566197 1433766159627
1316573665197 1433776068627
1316574676197 1433777169627
1316583775197 1433787078627
1316584786197 1433788179627
1316593885197 1433798088627
1316594896197 1433799189627
1316614105197 1433820108627
1316615116197 1433821209627
1316623204197 1433830017627
1316624215197 1433831118627
1316625226197 1433832219627
1316633314197 1433841027627
1316634325197 1433842128627
1316635336197 1433843229627
1316643424197 1433852037627
1316644435197 1433853138627
1316645446197 1433854239627
1316653534197 1433863047627
1316654545197 1433864148627
1316655556197 1433865249627
1316663644197 1433874057627
1316664655197 1433875158627
1316665666197 1433876259627
1316673754197 1433885067627
1316674765197 1433886168627
1316675776197 1433887269627
1316683864197 1433896077627
1316684875197 1433897178627
1316685886197 1433898279627
1316715205197 1433930208627
1316716216197 1433931309627
1316724304197 1433940117627
1316725315197 1433941218627
1316726326197 1433942319627
1316733403197 1433950026627
1316734414197 1433951127627
1316735425197 1433952228627
1316736436197 1433953329627
1316743513197 1433961036627
1316744524197 1433962137627
1316745535197 1433963238627
1316746546197 1433964339627
1316753623197 1433972046627
1316754634197 1433973147627
1316755645197 1433974248627
1316756656197 1433975349627
1316763733197 1433983056627
1316764744197 1433984157627
1316765755197 1433985258627
1316766766197 1433986359627
1316773843197 1433994066627
1316774854197 1433995167627
1316775865197 1433996268627
1316776876197 1433997369627
1317434026197 1434713019627
1317444136197 1434724029627
1317454246197 1434735039627
1317464356197 1434746049627
1317474466197 1434757059627
1317484576197 1434768069627
1317494686197 1434779079627
1317524005197 1434811008627
1317525016197 1434812109627
1317534115197 1434822018627
1317535126197 1434823119627
1317544225197 1434833028627
1317545236197 1434834129627
1317554335197 1434844038627
1317555346197 1434845139627
1317564445197 1434855048627
1317565456197 1434856149627
1317574555197 1434866058627
1317575566197 1434867159627
1317584665197 1434877068627
1317585676197 1434878169627
1317594775197 1434888078627
1317595786197 1434889179627
1317625105197 1434921108627
1317626116197 1434922209627
1317634204197 1434931017627
1317635215197 1434932118627
1317636226197 1434933219627
1317644314197 1434942027627
1317645325197 1434943128627
1317646336197 1434944229627
1317654424197 1434953037627
1317655435197 1434954138627
1317656446197 1434955239627
1317664534197 1434964047627
1317665545197 1434965148627
1317666556197 1434966249627
1317674644197 1434975057627
1317675655197 1434976158627
1317676666197 1434977259627
1317684754197 1434986067627
1317685765197 1434987168627
1317686776197 1434988269627
1317694864197 1434997077627
1317695875197 1434998178627
1317696886197 1434999279627
1318445026197 1435814019627
1318455136197 1435825029627
1318465246197 1435836039627
1318475356197 1435847049627
1318485466197 1435858059627
1318495576197 1435869069627
1318535005197 1435912008627
1318536016197 1435913109627
1318545115197 1435923018627
1318546126197 1435924119627
1318555225197 1435934028627
1318556236197 1435935129627
1318565335197 1435945038627
1318566346197 1435946139627
1318575445197 1435956048627
1318576456197 1435957149627
1318585555197 1435967058627
1318586566197 1435968159627
1318595665197 1435978068627
1318596676197 1435979169627
1319456026197 1436915019627
1319466136197 1436926029627
1319476246197 1436937039627
1319486356197 1436948049627
1319496466197 1436959059627
1320185922497 1452057990227
1320186823497 1452058981227
1320187724497 1452059972227
1320195833497 1452068891227
1320196734497 1452069882227
1320285933497 1452167991227
1320286834497 1452168982227
1320287735497 1452169973227
1320295844497 1452178892227
1320296745497 1452179883227
1320385944497 1452277992227
1320386845497 1452278983227
1320387746497 1452279974227
1320395855497 1452288893227
1320396756497 1452289884227
1320433150497 1451012395227
1320443161497 1451023396227
1320453172497 1451034397227
1320463183497 1451045398227
1320473194497 1451056399227
1320485955497 1452387993227
1320486856497 1452388984227
1320487757497 1452389975227
1320495866497 1452398894227
1320496767497 1452399885227
1320585966497 1452497994227
1320586867497 1452498985227
1320587768497 1452499976227
1321086922497 1453048990227
1321087823497 1453049981227
1321096833497 1453059891227
1321186933497 1453158991227
1321187834497 1453159982227
1321196844497 1453169892227
1321286944497 1453268992227
1321287845497 1453269983227
1321296855497 1453279893227
1321334140497 1452002485227
1321344151497 1452013486227
1321354162497 1452024487227
1321364173497 1452035488227
1321374184497 1452046489227
1321386955497 1453378993227
1321387856497 1453379984227
1321396866497 1453389894227
1321434250497 1452112495227
1321444261497 1452123496227
1321454272497 1452134497227
1321464283497 1452145498227
1321474294497 1452156499227
1321486966497 1453488994227
1321487867497 1453489985227
1321496877497 1453499895227
1321586977497 1453598995227
1321587878497 1453599986227
1322087933497 1454149991227
1322155908497 1441136981927
1322187944497 1454259992227
1322245141497 1453003576227
1322255152497 1453014577227
1322265163497 1453025578227
1322271454497 1454497132227
1322275174497 1453036579227
1322287955497 1454369993227
1322335240497 1453102585227
1322345251497 1453113586227
1322355262497 1453124587227
1322365273497 1453135588227
1322375284497 1453146589227
1322387966497 1454479994227
1322435350497 1453212595227
1322445361497 1453223596227
1322455372497 1453234597227
1322465383497 1453245598227
1322475394497 1453256599227
1322487977497 1454589995227
1322587988497 1454699996227
1322610649497 1440350469927
1322620759497 1440361479927
1322630869497 1440372489927
1322640979497 1440383499927
1322700145497 1454970013227
1322711749497 1440460569927
1322720848497 1440470478927
1322721859497 1440471579927
1322730958497 1440481488927
1322731969497 1440482589927
1322812849497 1440570669927
1322821948497 1440580578927
1322822959497 1440581679927
1322913949497 1440680769927
1323156142497 1454004667227
1323166153497 1454015668227
1323176164497 1454026669227
1323246241497 1454103676227
1323256252497 1454114677227
1323266263497 1454125678227
1323276274497 1454136679227
1323336340497 1454202685227
1323346351497 1454213686227
1323356362497 1454224687227
1323366373497 1454235688227
1323376384497 1454246689227
1323436450497 1454312695227
1323446461497 1454323696227
1323456472497 1454334697227
1323466483497 1454345698227
1323476494497 1454356699227
1323510439497 1441330359927
1323520549497 1441341369927
1323530659497 1441352379927
1323540769497 1441363389927
1323550879497 1441374399927
1323601046497 1455961004227
1323611539497 1441440459927
1323620638497 1441450368927
1323621649497 1441451469927
1323630748497 1441461378927
1323631759497 1441462479927
1323640858497 1441472388927
1323641869497 1441473489927
1323650968497 1441483398927
1323651979497 1441484499927
1323712639497 1441550559927
1323721738497 1441560468927
1323722749497 1441561569927
1323730837497 1441570377927
1323731848497 1441571478927
1323732859497 1441572579927
1323740947497 1441581387927
1323741958497 1441582488927
1323742969497 1441583589927
1323813739497 1441660659927
1323822838497 1441670568927
1323823849497 1441671669927
1323831937497 1441680477927
1323832948497 1441681578927
1323833959497 1441682679927
1323914839497 1441770759927
1323923938497 1441780668927
1323924949497 1441781769927
1324067143497 1455005758227
1324077154497 1455016759227
1324157242497 1455104767227
1324167253497 1455115768227
1324177264497 1455126769227
1324223390497 1441056217927
1324247341497 1455203776227
1324257352497 1455214777227
1324267363497 1455225778227
1324277374497 1455236779227
1324337440497 1455302785227
1324347451497 1455313786227
1324357462497 1455324787227
1324367473497 1455335788227
1324377484497 1455346789227
1324410229497 1442310249927
1324420339497 1442321259927
1324430449497 1442332269927
1324437550497 1455412795227
1324440559497 1442343279927
1324447561497 1455423796227
1324450669497 1442354289927
1324457572497 1455434797227
1324460779497 1442365299927
1324467583497 1455445798227
1324477594497 1455456799227
1324511329497 1442420349927
1324520428497 1442430258927
1324521439497 1442431359927
1324530538497 1442441268927
1324531549497 1442442369927
1324540648497 1442452278927
1324541659497 1442453379927
1324550758497 1442463288927
1324551769497 1442464389927
1324560868497 1442474298927
1324561879497 1442475399927
1324612429497 1442530449927
1324621528497 1442540358927
1324622539497 1442541459927
1324630627497 1442550267927
1324631638497 1442551368927
1324632649497 1442552469927
1324640737497 1442561277927
1324641748497 1442562378927
1324642759497 1442563479927
1324650847497 1442572287927
1324651858497 1442573388927
1324652869497 1442574489927
1324660957497 1442583297927
1324661968497 1442584398927
1324662979497 1442585499927
1324713529497 1442640549927
1324722628497 1442650458927
1324723639497 1442651559927
1324731727497 1442660367927
1324732738497 1442661468927
1324733749497 1442662569927
1324740826497 1442670276927
1324741837497 1442671377927
1324742848497 1442672478927
1324743859497 1442673579927
1324750936497 1442681286927
1324751947497 1442682387927
1324752958497 1442683488927
1324753969497 1442684589927
1324814629497 1442750649927
1324823728497 1442760558927
1324824739497 1442761659927
1324832827497 1442770467927
1324833838497 1442771568927
1324834849497 1442772669927
1324841926497 1442780376927
1324842937497 1442781477927
1324843948497 1442782578927
1324844959497 1442783679927
1324915729497 1442860749927
1324924828497 1442870658927
1324925839497 1442871759927
1324933927497 1442880567927
1324934938497 1442881668927
1324935949497 1442882769927
1325068243497 1456105858227
1325078254497 1456116859227
1325132291497 1442045308927
1325158342497 1456204867227
1325168353497 1456215868227
1325178364497 1456226869227
1325233280497 1442155207927
1325248441497 1456303876227
1325258452497 1456314877227
1325268463497 1456325878227
1325278474497 1456336879227
1325320129497 1443301149927
1325330239497 1443312159927
1325338540497 1456402885227
1325340349497 1443323169927
1325345490497 1442277317927
1325348551497 1456413886227
1325350459497 1443334179927
1325358562497 1456424887227
1325360569497 1443345189927
1325368573497 1456435888227
1325370679497 1443356199927
1325378584497 1456446889227
1325411119497 1443400239927
1325420218497 1443410148927
1325421229497 1443411249927
1325430328497 1443421158927
1325431339497 1443422259927
1325438650497 1456512895227
1325440438497 1443432168927
1325441449497 1443433269927
1325448661497 1456523896227
1325450548497 1443443178927
1325451559497 1443444279927
1325458672497 1456534897227
1325460658497 1443454188927
1325461669497 1443455289927
1325468683497 1456545898227
1325470768497 1443465198927
1325471779497 1443466299927
1325478694497 1456556899227
1325512219497 1443510339927
1325521318497 1443520248927
1325522329497 1443521349927
1325530417497 1443530157927
1325531428497 1443531258927
1325532439497 1443532359927
1325540527497 1443541167927
1325541538497 1443542268927
1325542549497 1443543369927
1325550637497 1443552177927
1325551648497 1443553278927
1325552659497 1443554379927
1325560747497 1443563187927
1325561758497 1443564288927
1325562769497 1443565389927
1325570857497 1443574197927
1325571868497 1443575298927
1325572879497 1443576399927
1325613319497 1443620439927
1325622418497 1443630348927
1325623429497 1443631449927
1325631517497 1443640257927
1325632528497 1443641358927
1325633539497 1443642459927
1325640616497 1443650166927
1325641627497 1443651267927
1325642638497 1443652368927
1325643649497 1443653469927
1325650726497 1443661176927
1325651737497 1443662277927
1325652748497 1443663378927
1325653759497 1443664479927
1325660836497 1443672186927
1325661847497 1443673287927
1325662858497 1443674388927
1325663869497 1443675489927
1325670946497 1443683196927
1325671957497 1443684297927
1325672968497 1443685398927
1325673979497 1443686499927
1325714419497 1443730539927
1325723518497 1443740448927
1325724529497 1443741549927
1325732617497 1443750357927
1325733628497 1443751458927
1325734639497 1443752559927
1325741716497 1443760266927
1325742727497 1443761367927
1325743738497 1443762468927
1325744749497 1443763569927
1325750815497 1443770175927
1325751826497 1443771276927
1325752837497 1443772377927
1325753848497 1443773478927
1325754859497 1443774579927
1325760925497 1443781185927
1325761936497 1443782286927
1325762947497 1443783387927
1325763958497 1443784488927
1325764969497 1443785589927
1325815519497 1443840639927
1325824618497 1443850548927
1325825629497 1443851649927
1325833717497 1443860457927
1325834728497 1443861558927
1325835739497 1443862659927
1325842816497 1443870366927
1325843827497 1443871467927
1325844838497 1443872568927
1325845849497 1443873669927
1325851915497 1443880275927
1325852926497 1443881376927
1325853937497 1443882477927
1325854948497 1443883578927
1325855959497 1443884679927
1325916619497 1443950739927
1325925718497 1443960648927
1325926729497 1443961749927
1325934817497 1443970557927
1325935828497 1443971658927
1325936839497 1443972759927
1325943916497 1443980466927
1325944927497 1443981567927
1325945938497 1443982668927
1325946949497 1443983769927
1326069343497 1457205958227
1326079354497 1457216959227
1326159442497 1457304967227
1326169453497 1457315968227
1326179464497 1457326969227
1326240139497 1444303059927
1326249541497 1457403976227
1326250249497 1444314069927
1326254391497 1443266408927
1326259552497 1457414977227
1326260359497 1444325079927
1326269563497 1457425978227
1326270469497 1444336089927
1326279574497 1457436979227
1326280579497 1444347099927
1326330118497 1444401048927
1326331129497 1444402149927
1326339640497 1457502985227
1326340228497 1444412058927
1326341239497 1444413159927
1326349651497 1457513986227
1326350338497 1444423068927
1326351349497 1444424169927
1326355380497 1443376307927
1326359662497 1457524987227
1326360448497 1444434078927
1326361459497 1444435179927
1326369673497 1457535988227
1326370558497 1444445088927
1326371569497 1444446189927
1326379684497 1457546989227
1326380668497 1444456098927
1326381679497 1444457199927
1326421108497 1444500138927
1326422119497 1444501239927
1326430207497 1444510047927
1326431218497 1444511148927
1326432229497 1444512249927
1326439750497 1457612995227
1326440317497 1444521057927
1326441328497 1444522158927
1326442339497 1444523259927
1326449761497 1457623996227
1326450427497 1444532067927
1326451438497 1444533168927
1326452449497 1444534269927
1326459772497 1457634997227
1326460537497 1444543077927
1326461548497 1444544178927
1326462559497 1444545279927
1326467590497 1443498417927
1326469783497 1457645998227
1326470647497 1444554087927
1326471658497 1444555188927
1326472669497 1444556289927
1326479794497 1457656999227
1326480757497 1444565097927
1326481768497 1444566198927
1326482779497 1444567299927
1326513109497 1444600329927
1326522208497 1444610238927
1326523219497 1444611339927
1326531307497 1444620147927
1326532318497 1444621248927
1326533329497 1444622349927
1326540406497 1444630056927
1326541417497 1444631157927
1326542428497 1444632258927
1326543439497 1444633359927
1326550516497 1444641066927
1326551527497 1444642167927
1326552538497 1444643268927
1326553549497 1444644369927
1326560626497 1444652076927
1326561637497 1444653177927
1326562648497 1444654278927
1326563659497 1444655379927
1326570736497 1444663086927
1326571747497 1444664187927
1326572758497 1444665288927
1326573769497 1444666389927
1326580846497 1444674096927
1326581857497 1444675197927
1326582868497 1444676298927
1326583879497 1444677399927
1326614209497 1444710429927
1326623308497 1444720338927
1326624319497 1444721439927
1326632407497 1444730247927
1326633418497 1444731348927
1326634429497 1444732449927
1326641506497 1444740156927
1326642517497 1444741257927
1326643528497 1444742358927
1326644539497 1444743459927
1326650605497 1444750065927
1326651616497 1444751166927
1326652627497 1444752267927
1326653638497 1444753368927
1326654649497 1444754469927
1326660715497 1444761075927
1326661726497 1444762176927
1326662737497 1444763277927
1326663748497 1444764378927
1326664759497 1444765479927
1326670825497 1444772085927
1326671836497 1444773186927
1326672847497 1444774287927
1326673858497 1444775388927
1326674869497 1444776489927
1326680935497 1444783095927
1326681946497 1444784196927
1326682957497 1444785297927
1326683968497 1444786398927
1326684979497 1444787499927
1326715309497 1444820529927
1326724408497 1444830438927
1326725419497 1444831539927
1326733507497 1444840347927
1326734518497 1444841448927
1326735529497 1444842549927
1326742606497 1444850256927
1326743617497 1444851357927
1326744628497 1444852458927
1326745639497 1444853559927
1326751705497 1444860165927
1326752716497 1444861266927
1326753727497 1444862367927
1326754738497 1444863468927
1326755749497 1444864569927
1326760804497 1444870074927
1326761815497 1444871175927
1326762826497 1444872276927
1326763837497 1444873377927
1326764848497 1444874478927
1326765859497 1444875579927
1326770914497 1444881084927
1326771925497 1444882185927
1326772936497 1444883286927
1326773947497 1444884387927
1326774958497 1444885488927
1326775969497 1444886589927
1326816409497 1444930629927
1326825508497 1444940538927
1326826519497 1444941639927
1326834607497 1444950447927
1326835618497 1444951548927
1326836629497 1444952649927
1326843706497 1444960356927
1326844717497 1444961457927
1326845728497 1444962558927
1326846739497 1444963659927
1326852805497 1444970265927
1326853816497 1444971366927
1326854827497 1444972467927
1326855838497 1444973568927
1326856849497 1444974669927
1326861904497 1444980174927
1326862915497 1444981275927
1326863926497 1444982376927
1326864937497 1444983477927
1326865948497 1444984578927
1326866959497 1444985679927
1327172507497 1446748120927
1327251139497 1445404059927
1327261249497 1445415069927
1327263408497 1446847211927
1327271359497 1445426079927
1327281469497 1445437089927
1327291579497 1445448099927
1327341118497 1445502048927
1327342129497 1445503149927
1327351228497 1445513058927
1327352239497 1445514159927
1327354309497 1446946302927
1327361338497 1445524068927
1327362349497 1445525169927
1327371448497 1445535078927
1327372459497 1445536179927
1327376491497 1444487508927
1327381558497 1445546088927
1327382569497 1445547189927
1327391668497 1445557098927
1327392679497 1445558199927
1327432108497 1445601138927
1327433119497 1445602239927
1327441207497 1445611047927
1327442218497 1445612148927
1327443229497 1445613249927
1327451317497 1445622057927
1327452328497 1445623158927
1327453339497 1445624259927
1327461427497 1445633067927
1327462438497 1445634168927
1327463449497 1445635269927
1327471537497 1445644077927
1327472548497 1445645178927
1327473559497 1445646279927
1327477480497 1444597407927
1327481647497 1445655087927
1327482658497 1445656188927
1327483669497 1445657289927
1327491757497 1445666097927
1327492768497 1445667198927
1327493779497 1445668299927
1327524109497 1445701329927
1327533208497 1445711238927
1327534219497 1445712339927
1327539604497 1458703579227
1327542307497 1445721147927
1327543318497 1445722248927
1327544329497 1445723349927
1327551406497 1445731056927
1327552417497 1445732157927
1327553428497 1445733258927
1327554439497 1445734359927
1327561516497 1445742066927
1327562527497 1445743167927
1327563538497 1445744268927
1327564549497 1445745369927
1327571626497 1445753076927
1327572637497 1445754177927
1327573648497 1445755278927
1327574659497 1445756379927
1327581736497 1445764086927
1327582747497 1445765187927
1327583758497 1445766288927
1327584769497 1445767389927
1327591846497 1445775096927
1327592857497 1445776197927
1327593868497 1445777298927
1327594879497 1445778399927
1327625209497 1445811429927
1327634308497 1445821338927
1327635319497 1445822439927
1327643407497 1445831247927
1327644418497 1445832348927
1327645429497 1445833449927
1327652506497 1445841156927
1327653517497 1445842257927
1327654528497 1445843358927
1327655539497 1445844459927
1327661605497 1445851065927
1327662616497 1445852166927
1327663627497 1445853267927
1327664638497 1445854368927
1327665649497 1445855469927
1327671715497 1445862075927
1327672726497 1445863176927
1327673737497 1445864277927
1327674748497 1445865378927
1327675759497 1445866479927
1327681825497 1445873085927
1327682836497 1445874186927
1327683847497 1445875287927
1327684858497 1445876388927
1327685869497 1445877489927
1327691935497 1445884095927
1327692946497 1445885196927
1327693957497 1445886297927
1327694968497 1445887398927
1327695979497 1445888499927
1327726309497 1445921529927
1327735408497 1445931438927
1327736419497 1445932539927
1327744507497 1445941347927
1327745518497 1445942448927
1327746529497 1445943549927
1327753606497 1445951256927
1327754617497 1445952357927
1327755628497 1445953458927
1327756639497 1445954559927
1327762705497 1445961165927
1327763716497 1445962266927
1327764727497 1445963367927
1327765738497 1445964468927
1327766749497 1445965569927
1327771804497 1445971074927
1327772815497 1445972175927
1327773826497 1445973276927
1327774837497 1445974377927
1327775848497 1445975478927
1327776859497 1445976579927
1327781914497 1445982084927
1327782925497 1445983185927
1327783936497 1445984286927
1327784947497 1445985387927
1327785958497 1445986488927
1327786969497 1445987589927
1328081517497 1447739030927
1328172418497 1447838121927
1328262139497 1446505059927
1328263319497 1447937212927
1328272249497 1446516069927
1328282359497 1446527079927
1328292469497 1446538089927
1328352118497 1446603048927
1328353129497 1446604149927
1328362228497 1446614058927
1328363239497 1446615159927
1328372338497 1446625068927
1328373349497 1446626169927
1328382448497 1446636078927
1328383459497 1446637179927
1328392558497 1446647088927
1328393569497 1446648189927
1328443108497 1446702138927
1328444119497 1446703239927
1328449603497 1459703488227
1328452207497 1446712047927
1328453218497 1446713148927
1328454229497 1446714249927
1328462317497 1446723057927
1328463328497 1446724158927
1328464339497 1446725259927
1328472427497 1446734067927
1328473438497 1446735168927
1328474449497 1446736269927
1328482537497 1446745077927
1328483548497 1446746178927
1328484559497 1446747279927
1328492647497 1446756087927
1328493658497 1446757188927
1328494669497 1446758289927
1328535109497 1446802329927
1328544208497 1446812238927
1328545219497 1446813339927
1328553307497 1446822147927
1328554318497 1446823248927
1328555329497 1446824349927
1328562406497 1446832056927
1328563417497 1446833157927
1328564428497 1446834258927
1328565439497 1446835359927
1328572516497 1446843066927
1328573527497 1446844167927
1328574538497 1446845268927
1328575549497 1446846369927
1328582626497 1446854076927
1328583637497 1446855177927
1328584648497 1446856278927
1328585659497 1446857379927
1328592736497 1446865086927
1328593747497 1446866187927
1328594758497 1446867288927
1328595769497 1446868389927
1328636209497 1446912429927
1328645308497 1446922338927
1328646319497 1446923439927
1328654407497 1446932247927
1328655418497 1446933348927
1328656429497 1446934449927
1328663506497 1446942156927
1328664517497 1446943257927
1328665528497 1446944358927
1328666539497 1446945459927
1328672605497 1446952065927
1328673616497 1446953166927
1328674627497 1446954267927
1328675638497 1446955368927
1328676649497 1446956469927
1328682715497 1446963075927
1328683726497 1446964176927
1328684737497 1446965277927
1328685748497 1446966378927
1328686759497 1446967479927
1328692825497 1446974085927
1328693836497 1446975186927
1328694847497 1446976287927
1328695858497 1446977388927
1328696869497 1446978489927
1329081428497 1448829031927
1329172329497 1448928122927
1329273139497 1447606059927
1329283249497 1447617069927
1329293359497 1447628079927
1329363118497 1447704048927
1329364129497 1447705149927
1329373228497 1447715058927
1329374239497 1447716159927
1329383338497 1447726068927
1329384349497 1447727169927
1329393448497 1447737078927
1329394459497 1447738179927
1329454108497 1447803138927
1329455119497 1447804239927
1329463207497 1447813047927
1329464218497 1447814148927
1329465229497 1447815249927
1329473317497 1447824057927
1329474328497 1447825158927
1329475339497 1447826259927
1329483427497 1447835067927
1329484438497 1447836168927
1329485449497 1447837269927
1329493537497 1447846077927
1329494548497 1447847178927
1329495559497 1447848279927
1329546109497 1447903329927
1329555208497 1447913238927
1329556219497 1447914339927
1329564307497 1447923147927
1329565318497 1447924248927
1329566329497 1447925349927
1329573406497 1447933056927
1329574417497 1447934157927
1329575428497 1447935258927
1329576439497 1447936359927
1329583516497 1447944066927
1329584527497 1447945167927
1329585538497 1447946268927
1329586549497 1447947369927
1329593626497 1447955076927
1329594637497 1447956177927
1329595648497 1447957278927
1329596659497 1447958379927
1330231941797 1341104686097
1330437142797 1462005694527
1330447153797 1462016695527
1330457164797 1462027696527
1330467175797 1462038697527
1330477186797 1462049698527
1331222940797 1342103785097
1331348143797 1463006785527
1331358154797 1463017786527
1331368165797 1463028787527
1331378176797 1463039788527
1331438242797 1463105794527
1331448253797 1463116795527
1331458264797 1463127796527
1331468275797 1463138797527
1331478286797 1463149798527
1332259144797 1464007876527
1332269155797 1464018877527
1332279166797 1464029878527
1332349243797 1464106885527
1332359254797 1464117886527
1332369265797 1464128887527
1332379276797 1464139888527
1332439342797 1464205894527
1332449353797 1464216895527
1332459364797 1464227896527
1332469375797 1464238897527
1332479386797 1464249898527
1334647707797 1466513979527
1334650250797 1465330079527
1334751360797 1465441089527
1334852470797 1465552099527
1335271468797 1468797133527
1335557706797 1467513888527
1335658817797 1467624989527
1335661350797 1466440179527
1335762460797 1466551189527
1335852846797 1467983358527
1335863570797 1466662199527
1336204185797 1469943510527
1336467705797 1468513797527
1336568816797 1468624898527
1336669927797 1468735999527
1336672450797 1467550279527
1336773560797 1467661289527
1336874670797 1467772299527
1337683550797 1468660379527
1337784660797 1468771389527
1337885770797 1468882399527
1338694650797 1469770479527
1338795760797 1469881489527
1338896870797 1469992499527
1341930455097 1461390139527
1342830245097 1462370029527
1342840355097 1462381039527
1342850465097 1462392049527
1342931345097 1462480129527
1342940444097 1462490038527
1342941455097 1462491139527
1343134723097 1464148500527
1343831135097 1463460019527
1343841245097 1463471029527
1343851355097 1463482039527
1343861465097 1463493049527
1343932235097 1463570119527
1343941334097 1463580028527
1343942345097 1463581129527
1343951444097 1463591038527
1343952455097 1463592139527
1344043733097 1465139410527
1344134634097 1465238501527
1344832025097 1464550009527
1344842135097 1464561019527
1344852245097 1464572029527
1344862355097 1464583039527
1344872465097 1464594049527
1344933125097 1464660109527
1344942224097 1464670018527
1344943235097 1464671119527
1344952334097 1464681028527
1344953345097 1464682129527
1344962444097 1464692038527
1344963455097 1464693139527
1345043644097 1466229411527
1345134545097 1466328502527
1345843025097 1465651009527
1345853135097 1465662019527
1345863245097 1465673029527
1345873355097 1465684039527
1345883465097 1465695049527
1345943114097 1465760008527
1345944125097 1465761109527
1345953224097 1465771018527
1345954235097 1465772119527
1345963334097 1465782028527
1345964345097 1465783129527
1345973444097 1465793038527
1345974455097 1465794139527
1346043555097 1467319412527
1346134456097 1467418503527
1346854025097 1466752009527
1346864135097 1466763019527
1346874245097 1466774029527
1346884355097 1466785039527
1346894465097 1466796049527
1346954114097 1466861008527
1346955125097 1466862109527
1346964224097 1466872018527
1346965235097 1466873119527
1346974334097 1466883028527
1346975345097 1466884129527
1346984444097 1466894038527
1346985455097 1466895139527
1347043466097 1468409413527
1347134367097 1468508504527
1347865025097 1467853009527
1347875135097 1467864019527
1347885245097 1467875029527
1347895355097 1467886039527
1347965114097 1467962008527
1347966125097 1467963109527
1347975224097 1467973018527
1347976235097 1467974119527
1347985334097 1467984028527
1347986345097 1467985129527
1347995444097 1467995038527
1347996455097 1467996139527
1348876025097 1468954009527
1348886135097 1468965019527
1348896245097 1468976029527
1350475160397 1484025296127
1350485171397 1484036297127
1350495182397 1484047298127
1351271486397 1486397135127
1351376150397 1485015386127
1351386161397 1485026387127
1351396172397 1485037388127
1351476260397 1485125396127
1351486271397 1485136397127
1351496282397 1485147398127
1352277140397 1486005476127
1352287151397 1486016477127
1352297162397 1486027478127
1352377250397 1486115486127
1352387261397 1486126487127
1352397272397 1486137488127
1352477360397 1486225496127
1352487371397 1486236497127
1352497382397 1486247498127
1352940548397 1473380359827
1352950658397 1473391369827
1353188141397 1487006567127
1353198152397 1487017568127
1353278240397 1487105576127
1353288251397 1487116577127
1353298262397 1487127578127
1353378350397 1487215586127
1353388361397 1487226587127
1353398372397 1487237588127
1353433806397 1475375510827
1353478460397 1487325596127
1353488471397 1487336597127
1353498482397 1487347598127
1353524707397 1475474601827
1353840338397 1474360249827
1353850448397 1474371259827
1353860558397 1474382269827
1353870668397 1474393279827
1353941438397 1474470349827
1353950537397 1474480258827
1353951548397 1474481359827
1353960647397 1474491268827
1353961658397 1474492369827
1354099142397 1488007658127
1354189241397 1488106667127
1354199252397 1488117668127
1354279340397 1488205676127
1354289351397 1488216677127
1354299362397 1488227678127
1354342816397 1476366420827
1354379450397 1488315686127
1354389461397 1488326687127
1354399472397 1488337688127
1354433717397 1476465511827
1354479560397 1488425696127
1354489571397 1488436697127
1354499582397 1488447698127
1354524618397 1476564602827
1354740128397 1475340139827
1354750238397 1475351149827
1354760348397 1475362159827
1354770458397 1475373169827
1354780568397 1475384179827
1354790678397 1475395189827
1354841228397 1475450239827
1354850327397 1475460148827
1354851338397 1475461249827
1354860437397 1475471158827
1354861448397 1475472259827
1354870547397 1475482168827
1354871558397 1475483269827
1354880657397 1475493178827
1354881668397 1475494279827
1354942328397 1475560339827
1354951427397 1475570248827
1354952438397 1475571349827
1354960526397 1475580157827
1354961537397 1475581258827
1354962548397 1475582359827
1354970636397 1475591167827
1354971647397 1475592268827
1354972658397 1475593369827
1355251826397 1477357330827
1355342727397 1477456421827
1355433628397 1477555512827
1355524529397 1477654603827
1355650028397 1476331039827
1355660138397 1476342049827
1355670248397 1476353059827
1355680358397 1476364069827
1355690468397 1476375079827
1355741018397 1476430129827
1355750117397 1476440038827
1355751128397 1476441139827
1355760227397 1476451048827
1355761238397 1476452149827
1355770337397 1476462058827
1355771348397 1476463159827
1355780447397 1476473068827
1355781458397 1476474169827
1355790557397 1476484078827
1355791568397 1476485179827
1355842118397 1476540229827
1355851217397 1476550138827
1355852228397 1476551239827
1355860316397 1476560047827
1355861327397 1476561148827
1355862338397 1476562249827
1355870426397 1476571057827
1355871437397 1476572158827
1355872448397 1476573259827
1355880536397 1476582067827
1355881547397 1476583168827
1355882558397 1476584269827
1355890646397 1476593077827
1355891657397 1476594178827
1355892668397 1476595279827
1355943218397 1476650329827
1355952317397 1476660238827
1355953328397 1476661339827
1355961416397 1476670147827
1355962427397 1476671248827
1355963438397 1476672349827
1355970515397 1476680056827
1355971526397 1476681157827
1355972537397 1476682258827
1355973548397 1476683359827
1355980625397 1476691066827
1355981636397 1476692167827
1355982647397 1476693268827
1355983658397 1476694369827
1356160836397 1478348240827
1356251737397 1478447331827
1356283963397 1477139754827
1356342638397 1478546422827
1356433539397 1478645513827
1356661028397 1477432039827
1356671138397 1477443049827
1356681248397 1477454059827
1356691358397 1477465069827
1356751007397 1477530028827
1356752018397 1477531129827
1356761117397 1477541038827
1356762128397 1477542139827
1356771227397 1477552048827
1356772238397 1477553149827
1356781337397 1477563058827
1356782348397 1477564159827
1356791447397 1477574068827
1356792458397 1477575169827
1356843008397 1477630219827
1356852107397 1477640128827
1356853118397 1477641229827
1356861206397 1477650037827
1356862217397 1477651138827
1356863228397 1477652239827
1356871316397 1477661047827
1356872327397 1477662148827
1356873338397 1477663249827
1356881426397 1477672057827
1356882437397 1477673158827
1356883448397 1477674259827
1356891536397 1477683067827
1356892547397 1477684168827
1356893558397 1477685269827
1356944108397 1477740319827
1356953207397 1477750228827
1356954218397 1477751329827
1356962306397 1477760137827
1356963317397 1477761238827
1356964328397 1477762339827
1356971405397 1477770046827
1356972416397 1477771147827
1356973427397 1477772248827
1356974438397 1477773349827
1356981515397 1477781056827
1356982526397 1477782157827
1356983537397 1477783258827
1356984548397 1477784359827
1356991625397 1477792066827
1356992636397 1477793167827
1356993647397 1477794268827
1356994658397 1477795369827
1357160747397 1479438241827
1357251648397 1479537332827
1357342549397 1479636423827
1357672028397 1478533039827
1357682138397 1478544049827
1357692248397 1478555059827
1357762007397 1478631028827
1357763018397 1478632129827
1357772117397 1478642038827
1357773128397 1478643139827
1357782227397 1478653048827
1357783238397 1478654149827
1357792337397 1478664058827
1357793348397 1478665159827
1357854008397 1478731219827
1357863107397 1478741128827
1357864118397 1478742229827
1357872206397 1478751037827
1357873217397 1478752138827
1357874228397 1478753239827
1357882316397 1478762047827
1357883327397 1478763148827
1357884338397 1478764249827
1357892426397 1478773057827
1357893437397 1478774158827
1357894448397 1478775259827
1357955108397 1478841319827
1357964207397 1478851228827
1357965218397 1478852329827
1357973306397 1478861137827
1357974317397 1478862238827
1357975328397 1478863339827
1357982405397 1478871046827
1357983416397 1478872147827
1357984427397 1478873248827
1357985438397 1478874349827
1357992515397 1478882056827
1357993526397 1478883157827
1357994537397 1478884258827
1357995548397 1478885359827
1358683028397 1479634039827
1358693138397 1479645049827
1358773007397 1479732028827
1358774018397 1479733129827
1358783117397 1479743038827
1358784128397 1479744139827
1358793227397 1479754048827
1358794238397 1479755149827
1358849153397 1479922744827
1358865008397 1479832219827
1358874107397 1479842128827
1358875118397 1479843229827
1358883206397 1479852037827
1358884217397 1479853138827
1358885228397 1479854239827
1358893316397 1479863047827
1358894327397 1479864148827
1358895338397 1479865249827
1358966108397 1479942319827
1358975207397 1479952228827
1358976218397 1479953329827
1358984306397 1479962137827
1358985317397 1479963238827
1358986328397 1479964339827
1358993405397 1479972046827
1358994416397 1479973147827
1358995427397 1479974248827
1358996438397 1479975349827
1360469141697 1495007594427
1360479152697 1495018595427
1360489163697 1495029596427
1376113602997 1388623600297
1376212603997 1388723501297
1376311604997 1388823402297
1376410605997 1388923303297
1377103612997 1389622610297
1377202613997 1389722511297
1377301614997 1389822412297
1377400615997 1389922313297
1400168402727 1414028670027
1400284142727 1414272840027
1400374233727 1414363831027
1400464324727 1414454822027
1400554415727 1414545813027
1400567328727 1414417696027
1400644506727 1414636804027
1401168503727 1415038671027
1401185052727 1415182750027
1401275143727 1415273741027
1401365234727 1415364732027
1401416702727 1414016727027
1401455325727 1415455723027
1401516803727 1414117728027
1401545416727 1415546714027
1401568429727 1415428697027
1401616904727 1414218729027
1401635507727 1415637705027
1402168604727 1416048672027
1402176053727 1416183651027
1402266144727 1416274642027
1402356235727 1416365633027
1402417712727 1415026737027
1402446326727 1416456624027
1402517813727 1415127738027
1402536417727 1416547615027
1402617914727 1415228739027
1402626508727 1416638606027
1402701416727 1416727014027
1402841686727 1416867284027
1403167054727 1417184552027
1403168705727 1417058673027
1403257145727 1417275543027
1403347236727 1417366534027
1403418722727 1416036747027
1403437327727 1417457525027
1403518823727 1416137748027
1403527418727 1417548516027
1403617509727 1417639507027
1403618924727 1416238749027
1404158055727 1418185453027
1404168806727 1418068674027
1404248146727 1418276444027
1404338237727 1418367435027
1404419732727 1417046757027
1404428328727 1418458426027
1404518419727 1418549417027
1404519833727 1417147758027
1404619934727 1417248759027
1405149056727 1419186354027
1405168907727 1419078675027
1405239147727 1419277345027
1405329238727 1419368336027
1405419329727 1419459327027
1441293565927 1455691943227
1441383656927 1455782934227
1441473747927 1455873925227
1441563838927 1455964916227
1442284566927 1456692844227
1442374657927 1456783835227
1442464748927 1456874826227
1442554839927 1456965817227
1443275567927 1457693745227
1443365658927 1457784736227
1443455749927 1457875727227
1444266568927 1458694646227
1444356659927 1458785637227
1445257569927 1459695547227
1470293858827 1484981946127
1471194768827 1485891856127
1471284859827 1485982847127
1472185769827 1486892757127
1501684265957 1516685940257
1501774356957 1516776931257
1501864447957 1516867922257
1501954538957 1516958913257
1502585175957 1517595850257
1502675266957 1517686841257
1502765357957 1517777832257
1502855448957 1517868823257
1502945539957 1517959814257
1503576176957 1518596751257
1503666267957 1518687742257
1503756358957 1518778733257
1503846449957 1518869724257
1504567177957 1519597652257
1504657268957 1519688643257
1504747359957 1519779634257
1530594467857 1545884952157
1530684558857 1545975943157
1531495377857 1546794862157
1531585468857 1546885853157
1531675559857 1546976844157
1532486378857 1547795763157
1532576469857 1547886754157
1533313330857 1547252402157
1533412331857 1547352303157
1533477379857 1548796664157
1533511332857 1547452204157
1533610333857 1547552105157
1534303340857 1548251412157
1534402341857 1548351313157
1534501342857 1548451214157
1534600343857 1548551115157
1560001005757 1575601000057
1560100585757 1575856010057
1560293460757 1573046629057
1560571574757 1574757156057
1561394570757 1574156739057
1562013720757 1576213702057
1562112721757 1576313603057
1562211722757 1576413504057
1562310723757 1576513405057
1562495680757 1575266849057
1563003730757 1577212712057
1563102731757 1577312613057
1563201732757 1577412514057
1563300733757 1577512415057
1563596790757 1576376959057
1601624020587 1760010573417
1601634031587 1760021574417
1601644042587 1760032575417
1601654053587 1760043576417
1601664064587 1760054577417
1601674075587 1760065578417
1601684086587 1760076579417
1601724130587 1760120583417
1601734141587 1760131584417
1601744152587 1760142585417
1601754163587 1760153586417
1601764174587 1760164587417
1601774185587 1760175588417
1601784196587 1760186589417
1601824240587 1760230593417
1601834251587 1760241594417
1601844262587 1760252595417
1601854273587 1760263596417
1601864284587 1760274597417
1601874295587 1760285598417
1602525010587 1761000663417
1602535021587 1761011664417
1602545032587 1761022665417
1602555043587 1761033666417
1602565054587 1761044667417
1602575065587 1761055668417
1602585076587 1761066669417
1602625120587 1761110673417
1602635131587 1761121674417
1602645142587 1761132675417
1602655153587 1761143676417
1602665164587 1761154677417
1602675175587 1761165678417
1602685186587 1761176679417
1602725230587 1761220683417
1602735241587 1761231684417
1602745252587 1761242685417
1602755263587 1761253686417
1602765274587 1761264687417
1602775285587 1761275688417
1602785296587 1761286689417
1602825340587 1761330693417
1602835351587 1761341694417
1602845362587 1761352695417
1602855373587 1761363696417
1602865384587 1761374697417
1602875395587 1761385698417
1603436011587 1762001754417
1603446022587 1762012755417
1603456033587 1762023756417
1603466044587 1762034757417
1603476055587 1762045758417
1603486066587 1762056759417
1603526110587 1762100763417
1603536121587 1762111764417
1603546132587 1762122765417
1603556143587 1762133766417
1603566154587 1762144767417
1603576165587 1762155768417
1603586176587 1762166769417
1603626220587 1762210773417
1603636231587 1762221774417
1603646242587 1762232775417
1603656253587 1762243776417
1603666264587 1762254777417
1603676275587 1762265778417
1603686286587 1762276779417
1603726330587 1762320783417
1603736341587 1762331784417
1603746352587 1762342785417
1603756363587 1762353786417
1603766374587 1762364787417
1603776385587 1762375788417
1603786396587 1762386789417
1603826440587 1762430793417
1603836451587 1762441794417
1603846462587 1762452795417
1603856473587 1762463796417
1603866484587 1762474797417
1603876495587 1762485798417
1604171764587 1764587160417
1604347012587 1763002845417
1604357023587 1763013846417
1604367034587 1763024847417
1604377045587 1763035848417
1604387056587 1763046849417
1604437111587 1763101854417
1604447122587 1763112855417
1604457133587 1763123856417
1604467144587 1763134857417
1604477155587 1763145858417
1604487166587 1763156859417
1604527210587 1763200863417
1604537221587 1763211864417
1604547232587 1763222865417
1604557243587 1763233866417
1604567254587 1763244867417
1604577265587 1763255868417
1604587276587 1763266869417
1604627320587 1763310873417
1604637331587 1763321874417
1604647342587 1763332875417
1604657353587 1763343876417
1604667364587 1763354877417
1604677375587 1763365878417
1604687386587 1763376879417
1604727430587 1763420883417
1604737441587 1763431884417
1604747452587 1763442885417
1604757463587 1763453886417
1604767474587 1763464887417
1604777485587 1763475888417
1604787496587 1763486889417
1604827540587 1763530893417
1604837551587 1763541894417
1604847562587 1763552895417
1604857573587 1763563896417
1604867584587 1763574897417
1604877595587 1763585898417
1605258013587 1764003936417
1605268024587 1764014937417
1605278035587 1764025938417
1605288046587 1764036939417
1605348112587 1764102945417
1605358123587 1764113946417
1605368134587 1764124947417
1605378145587 1764135948417
1605388156587 1764146949417
1605438211587 1764201954417
1605448222587 1764212955417
1605458233587 1764223956417
1605468244587 1764234957417
1605478255587 1764245958417
1605488266587 1764256959417
1605528310587 1764300963417
1605538321587 1764311964417
1605548332587 1764322965417
1605558343587 1764333966417
1605568354587 1764344967417
1605578365587 1764355968417
1605588376587 1764366969417
1605628420587 1764410973417
1605638431587 1764421974417
1605648442587 1764432975417
1605658453587 1764443976417
1605668464587 1764454977417
1605678475587 1764465978417
1605688486587 1764476979417
1605728530587 1764520983417
1605738541587 1764531984417
1605748552587 1764542985417
1605758563587 1764553986417
1605768574587 1764564987417
1605778585587 1764575988417
1605788596587 1764586989417
1605828640587 1764630993417
1605838651587 1764641994417
1605848662587 1764652995417
1605858673587 1764663996417
1605868684587 1764674997417
1605878695587 1764685998417
1606941876587 1765886069417
1609759616587 1768807579417
1610017718887 1788727700017
1610088861887 1787178960017
1610097862887 1787188951017
1610178871887 1787278870017
1610187872887 1787288861017
1610196873887 1787298852017
1610268881887 1787378780017
1610277882887 1787388771017
1610286883887 1787398762017
1610358891887 1787478690017
1610367892887 1787488681017
1610376893887 1787498672017
1610717011887 1770002781717
1610727022887 1770013782717
1610737033887 1770024783717
1610747044887 1770035784717
1610757055887 1770046785717
1610767066887 1770057786717
1610777077887 1770068787717
1610787088887 1770079788717
1610807110887 1770101790717
1610817121887 1770112791717
1610827132887 1770123792717
1610837143887 1770134793717
1610847154887 1770145794717
1610857165887 1770156795717
1610867176887 1770167796717
1610877187887 1770178797717
1610878701887 1786108887017
1610887198887 1770189798717
1610887802887 1786118978017
1610895278887 1626987960187
1610969711887 1786209797017
1610978812887 1786219888017
1610987913887 1786229979017
1611007729887 1789827601017
1611078971887 1788277970017
1611087972887 1788287961017
1611096973887 1788297952017
1611168981887 1788377880017
1611177982887 1788387871017
1611186983887 1788397862017
1611258991887 1788477790017
1611267992887 1788487781017
1611276993887 1788497772017
1611618717887 1788717726017
1611628012887 1771003872717
1611638023887 1771014873717
1611648034887 1771025874717
1611658045887 1771036875717
1611668056887 1771047876717
1611678067887 1771058877717
1611688078887 1771069878717
1611718111887 1771102881717
1611728122887 1771113882717
1611738133887 1771124883717
1611748144887 1771135884717
1611758155887 1771146885717
1611768166887 1771157886717
1611778177887 1771168887717
1611779700887 1787107896017
1611788188887 1771179888717
1611788801887 1787117987017
1611796188887 1627897870187
1611808210887 1771201890717
1611818221887 1771212891717
1611828232887 1771223892717
1611838243887 1771234893717
1611848254887 1771245894717
1611858265887 1771256895717
1611868276887 1771267896717
1611878287887 1771278897717
1611879811887 1787218897017
1611886279887 1627988861187
1611888298887 1771289898717
1611888912887 1787228988017
1611979922887 1787329898017
1612539013887 1772004963717
1612549024887 1772015964717
1612559035887 1772026965717
1612569046887 1772037966717
1612579057887 1772048967717
1612589068887 1772059968717
1612616101887 1627276100187
1612629112887 1772103972717
1612639123887 1772114973717
1612649134887 1772125974717
1612659145887 1772136975717
1612669156887 1772147976717
1612679167887 1772158977717
1612689178887 1772169978717
1612689800887 1788116996017
1612715102887 1627376001187
1612719211887 1772202981717
1612729222887 1772213982717
1612739233887 1772224983717
1612749244887 1772235984717
1612759255887 1772246985717
1612769266887 1772257986717
1612779277887 1772268987717
1612787189887 1628898771187
1612789288887 1772279988717
1612789911887 1788227997017
1612809310887 1772301990717
1612819321887 1772312991717
1612829332887 1772323992717
1612839343887 1772334993717
1612849354887 1772345994717
1612859365887 1772356995717
1612869376887 1772367996717
1612879387887 1772378997717
1612889398887 1772389998717
1613606111887 1628275110187
1613705112887 1628375011187
1615856609887 1775506969717
1616117077887 1777872600717
1616766608887 1776506878717
1616850181887 1775161098717
1616860292887 1775172199717
1616867719887 1776617979717
1617116088887 1778971601717
1617171778887 1778887161717
1617676607887 1777506787717
1617718777887 1777888617717
1617760171887 1776160188717
1617770282887 1776171289717
1617777718887 1777617888717
1617851170887 1776260097717
1617861281887 1776271198717
1617871392887 1776282299717
1617878829887 1777728989717
1618586606887 1778506696717
1618680272887 1777170379717
1618687717887 1778617797717
1618771271887 1777270288717
1618771877887 1778886187717
1618781382887 1777281389717
1618788828887 1778728898717
1618862270887 1777370197717
1618872381887 1777381298717
1618882492887 1777392399717
1618889939887 1778839999717
1619691372887 1778280479717
1619782371887 1778380388717
1619792482887 1778391489717
1619873370887 1778480297717
1619883481887 1778491398717
1620171782187 1782187162017
1620188910187 1782027980017
1620189811187 1782028971017
1620197920187 1782037890017
1620198821187 1782038881017
1620199722187 1782039872017
1620288921187 1782137981017
1620289822187 1782138972017
1620297931187 1782147891017
1620298832187 1782148882017
1620299733187 1782149873017
1620388932187 1782247982017
1620389833187 1782248973017
1620397942187 1782257892017
1620398843187 1782258883017
1620399744187 1782259874017
1620488943187 1782357983017
1620489844187 1782358974017
1620497953187 1782367893017
1620498854187 1782368884017
1620499755187 1782369875017
1620588954187 1782467984017
1620589855187 1782468975017
1620597964187 1782477894017
1620598865187 1782478885017
1620599766187 1782479876017
1620688965187 1782577985017
1620689866187 1782578976017
1620697975187 1782587895017
1620698876187 1782588886017
1620699777187 1782589877017
1620781070187 1781062087017
1620788976187 1782687986017
1620789877187 1782688977017
1620791081187 1781073088017
1620797986187 1782697896017
1620798887187 1782698887017
1620799788187 1782699878017
1620881180187 1781172097017
1620888987187 1782797987017
1620889888187 1782798978017
1620891191187 1781183098017
1620982982187 1781298379017
1621089910187 1783018980017
1621098920187 1783028890017
1621099821187 1783029881017
1621189921187 1783128981017
1621198931187 1783138891017
1621199832187 1783139882017
1621289932187 1783238982017
1621298942187 1783248892017
1621299843187 1783249883017
1621389943187 1783348983017
1621398953187 1783358893017
1621399854187 1783359884017
1621489954187 1783458984017
1621498964187 1783468894017
1621499865187 1783469885017
1621589965187 1783568985017
1621598975187 1783578895017
1621599876187 1783579886017
1621682060187 1782052177017
1621689976187 1783678986017
1621692071187 1782063178017
1621698986187 1783688896017
1621699887187 1783689887017
1621782170187 1782162187017
1621789987187 1783788987017
1621792181187 1782173188017
1621798997187 1783798897017
1621799898187 1783799888017
1621882280187 1782272197017
1621889998187 1783898988017
1621892291187 1782283198017
1622099931187 1784129891017
1622199942187 1784239892017
1622299953187 1784349893017
1622399964187 1784459894017
1622499975187 1784569895017
1622583050187 1783042267017
1622593061187 1783053268017
1622599986187 1784679896017
1622683160187 1783152277017
1622693171187 1783163278017
1622699997187 1784789897017
1622783270187 1783262287017
1622793281187 1783273288017
1622883380187 1783372297017
1622893391187 1783383298017
1623484040187 1784032357017
1623494051187 1784043358017
1623584150187 1784142367017
1623594161187 1784153368017
1623684260187 1784252377017
1623694271187 1784263378017
1623784370187 1784362387017
1623794381187 1784373388017
1623884480187 1784472397017
1623894491187 1784483398017
1624385030187 1785022447017
1624395041187 1785033448017
1624485140187 1785132457017
1624495151187 1785143458017
1624585250187 1785242467017
1624595261187 1785253468017
1624685360187 1785352477017
1624695371187 1785363478017
1624785470187 1785462487017
1624795481187 1785473488017
1624885580187 1785572497017
1624895591187 1785583498017
1625117806187 1771537700717
1625268707187 1771526961717
1625286020187 1786012537017
1625296031187 1786023538017
1625386130187 1786122547017
1625396141187 1786133548017
1625486240187 1786232557017
1625496251187 1786243558017
1625586350187 1786342567017
1625596361187 1786353568017
1625686460187 1786452577017
1625696471187 1786463578017
1625786570187 1786562587017
1625796581187 1786573588017
1625800238187 1770530229717
1625810348187 1770541239717
1625820458187 1770552249717
1625830568187 1770563259717
1625840678187 1770574269717
1625850788187 1770585279717
1625860898187 1770596289717
1625886680187 1786672597017
1625896691187 1786683598017
1625901338187 1770640329717
1625910437187 1770650238717
1625911448187 1770651339717
1625920547187 1770661248717
1625921558187 1770662349717
1625930657187 1770672258717
1625931668187 1770673359717
1625940767187 1770683268717
1625941778187 1770684369717
1625950877187 1770694278717
1625951888187 1770695379717
1626026816187 1772528610717
1626117717187 1772627701717
1626177806187 1772517870717
1626187010187 1787002627017
1626197021187 1787013628017
1626278817187 1772627971717
1626287120187 1787112637017
1626297131187 1787123638017
1626387230187 1787222647017
1626397241187 1787233648017
1626487340187 1787332657017
1626497351187 1787343658017
1626587450187 1787442667017
1626597461187 1787453668017
1626687560187 1787552677017
1626697571187 1787563678017
1626700028187 1771510119717
1626710138187 1771521129717
1626720248187 1771532139717
1626730358187 1771543149717
1626740468187 1771554159717
1626750578187 1771565169717
1626760688187 1771576179717
1626770798187 1771587189717
1626787670187 1787662687017
1626797681187 1787673688017
1626801128187 1771620219717
1626810227187 1771630128717
1626811238187 1771631229717
1626820337187 1771641138717
1626821348187 1771642239717
1626830447187 1771652148717
1626831458187 1771653249717
1626840557187 1771663158717
1626841568187 1771664259717
1626850667187 1771674168717
1626851678187 1771675269717
1626860777187 1771685178717
1626861788187 1771686279717
1626870887187 1771696188717
1626871898187 1771697289717
1626887780187 1787772697017
1626897791187 1787783698017
1626902228187 1771730319717
1626911327187 1771740228717
1626912338187 1771741329717
1626920426187 1771750137717
1626921437187 1771751238717
1626922448187 1771752339717
1626930536187 1771761147717
1626931547187 1771762248717
1626932558187 1771763349717
1626940646187 1771772157717
1626941657187 1771773258717
1626942668187 1771774359717
1626950756187 1771783167717
1626951767187 1771784268717
1626952778187 1771785369717
1626960866187 1771794177717
1626961877187 1771795278717
1626962888187 1771796379717
1627026727187 1773618611717
1627098011187 1788003718017
1627117628187 1773717702717
1627187916187 1773618880717
1627188110187 1788102727017
1627198121187 1788113728017
1627288220187 1788212737017
1627288927187 1773728981717
1627298231187 1788223738017
1627388330187 1788322747017
1627398341187 1788333748017
1627488440187 1788432757017
1627498451187 1788443758017
1627588550187 1788542767017
1627598561187 1788553768017
1627620038187 1772512029717
1627630148187 1772523039717
1627640258187 1772534049717
1627650368187 1772545059717
1627660478187 1772556069717
1627670588187 1772567079717
1627680698187 1772578089717
1627688660187 1788652777017
1627698671187 1788663778017
1627710017187 1772610018717
1627711028187 1772611119717
1627720127187 1772621028717
1627721138187 1772622129717
1627730237187 1772632038717
1627731248187 1772633139717
1627740347187 1772643048717
1627741358187 1772644149717
1627750457187 1772654058717
1627751468187 1772655159717
1627760567187 1772665068717
1627761578187 1772666169717
1627770677187 1772676078717
1627771688187 1772677179717
1627780787187 1772687088717
1627781798187 1772688189717
1627788770187 1788762787017
1627790897187 1772698098717
1627798781187 1788773788017
1627802018187 1772710209717
1627811117187 1772720118717
1627812128187 1772721219717
1627820216187 1772730027717
1627821227187 1772731128717
1627822238187 1772732229717
1627830326187 1772741037717
1627831337187 1772742138717
1627832348187 1772743239717
1627840436187 1772752047717
1627841447187 1772753148717
1627842458187 1772754249717
1627850546187 1772763057717
1627851557187 1772764158717
1627852568187 1772765259717
1627860656187 1772774067717
1627861667187 1772775168717
1627862678187 1772776269717
1627870766187 1772785077717
1627871777187 1772786178717
1627872788187 1772787279717
1627880876187 1772796087717
1627881887187 1772797188717
1627882898187 1772798289717
1627888880187 1788872797017
1627898891187 1788883798017
1627903118187 1772820309717
1627912217187 1772830218717
1627913228187 1772831319717
1627921316187 1772840127717
1627922327187 1772841228717
1627923338187 1772842329717
1627930415187 1772850036717
1627931426187 1772851137717
1627932437187 1772852238717
1627933448187 1772853339717
1627940525187 1772861046717
1627941536187 1772862147717
1627942547187 1772863248717
1627943558187 1772864349717
1627950635187 1772872056717
1627951646187 1772873157717
1627952657187 1772874258717
1627953668187 1772875359717
1627960745187 1772883066717
1627961756187 1772884167717
1627962767187 1772885268717
1627963778187 1772886369717
1627970855187 1772894076717
1627971866187 1772895177717
1627972877187 1772896278717
1627973888187 1772897379717
1628026638187 1774708612717
1628099111187 1789103818017
1628117539187 1774807703717
1628189210187 1789202827017
1628199221187 1789213828017
1628289320187 1789312837017
1628299331187 1789323838017
1628389430187 1789422847017
1628399441187 1789433848017
1628489540187 1789532857017
1628499551187 1789543858017
1628589650187 1789642867017
1628599661187 1789653868017
1628631038187 1773613029717
1628641148187 1773624039717
1628651258187 1773635049717
1628661368187 1773646059717
1628671478187 1773657069717
1628681588187 1773668079717
1628689760187 1789752877017
1628691698187 1773679089717
1628699771187 1789763878017
1628721017187 1773711018717
1628722028187 1773712119717
1628731127187 1773722028717
1628732138187 1773723129717
1628741237187 1773733038717
1628742248187 1773734139717
1628751347187 1773744048717
1628752358187 1773745149717
1628761457187 1773755058717
1628762468187 1773756159717
1628771567187 1773766068717
1628772578187 1773767169717
1628781677187 1773777078717
1628782688187 1773778179717
1628789870187 1789862887017
1628791787187 1773788088717
1628792798187 1773789189717
1628799881187 1789873888017
1628812007187 1773810108717
1628813018187 1773811209717
1628821106187 1773820017717
1628822117187 1773821118717
1628823128187 1773822219717
1628831216187 1773831027717
1628832227187 1773832128717
1628833238187 1773833229717
1628841326187 1773842037717
1628842337187 1773843138717
1628843348187 1773844239717
1628851436187 1773853047717
1628852447187 1773854148717
1628853458187 1773855249717
1628861546187 1773864057717
1628862557187 1773865158717
1628863568187 1773866259717
1628871656187 1773875067717
1628872667187 1773876168717
1628873678187 1773877269717
1628881766187 1773886077717
1628882777187 1773887178717
1628883788187 1773888279717
1628889980187 1789972897017
1628891876187 1773897087717
1628892887187 1773898188717
1628893898187 1773899289717
1628899991187 1789983898017
1628913107187 1773920208717
1628914118187 1773921309717
1628922206187 1773930117717
1628923217187 1773931218717
1628924228187 1773932319717
1628931305187 1773940026717
1628932316187 1773941127717
1628933327187 1773942228717
1628934338187 1773943329717
1628941415187 1773951036717
1628942426187 1773952137717
1628943437187 1773953238717
1628944448187 1773954339717
1628951525187 1773962046717
1628952536187 1773963147717
1628953547187 1773964248717
1628954558187 1773965349717
1628961635187 1773973056717
1628962646187 1773974157717
1628963657187 1773975258717
1628964668187 1773976359717
1628971745187 1773984066717
1628972756187 1773985167717
1628973767187 1773986268717
1628974778187 1773987369717
1628981855187 1773995076717
1628982866187 1773996177717
1628983877187 1773997278717
1628984888187 1773998379717
1629642038187 1774714029717
1629652148187 1774725039717
1629662258187 1774736049717
1629672368187 1774747059717
1629682478187 1774758069717
1629692588187 1774769079717
1629732017187 1774812018717
1629733028187 1774813119717
1629742127187 1774823028717
1629743138187 1774824129717
1629752237187 1774834038717
1629753248187 1774835139717
1629762347187 1774845048717
1629763358187 1774846149717
1629772457187 1774856058717
1629773468187 1774857159717
1629782567187 1774867068717
1629783578187 1774868169717
1629792677187 1774878078717
1629793688187 1774879179717
1629823007187 1774911108717
1629824018187 1774912209717
1629832106187 1774921017717
1629833117187 1774922118717
1629834128187 1774923219717
1629842216187 1774932027717
1629843227187 1774933128717
1629844238187 1774934229717
1629852326187 1774943037717
1629853337187 1774944138717
1629854348187 1774945239717
1629862436187 1774954047717
1629863447187 1774955148717
1629864458187 1774956249717
1629872546187 1774965057717
1629873557187 1774966158717
1629874568187 1774967259717
1629882656187 1774976067717
1629883667187 1774977168717
1629884678187 1774978269717
1629892766187 1774987077717
1629893777187 1774988178717
1629894788187 1774989279717
1630765040487 1792033384317
1630775051487 1792044385317
1630785062487 1792055386317
1630795073487 1792066387317
1630865150487 1792143394317
1630875161487 1792154395317
1630885172487 1792165396317
1630895183487 1792176397317
1631666030487 1793023474317
1631676041487 1793034475317
1631686052487 1793045476317
1631696063487 1793056477317
1631700179487 1794870016317
1631766140487 1793133484317
1631776151487 1793144485317
1631786162487 1793155486317
1631796173487 1793166487317
1631866250487 1793243494317
1631876261487 1793254495317
1631886272487 1793265496317
1631896283487 1793276497317
1632567020487 1794013564317
1632577031487 1794024565317
1632587042487 1794035566317
1632597053487 1794046567317
1632667130487 1794123574317
1632677141487 1794134575317
1632687152487 1794145576317
1632697163487 1794156577317
1632767240487 1794233584317
1632777251487 1794244585317
1632787262487 1794255586317
1632797273487 1794266587317
1632867350487 1794343594317
1632877361487 1794354595317
1632887372487 1794365596317
1632897383487 1794376597317
1633171796487 1796487163317
1633468010487 1795003654317
1633478021487 1795014655317
1633488032487 1795025656317
1633498043487 1795036657317
1633568120487 1795113664317
1633578131487 1795124665317
1633588142487 1795135666317
1633598153487 1795146667317
1633668230487 1795223674317
1633678241487 1795234675317
1633688252487 1795245676317
1633698263487 1795256677317
1633768340487 1795333684317
1633778351487 1795344685317
1633788362487 1795355686317
1633798373487 1795366687317
1633868450487 1795443694317
1633878461487 1795454695317
1633888472487 1795465696317
1633898483487 1795476697317
1634379011487 1796004745317
1634389022487 1796015746317
1634399033487 1796026747317
1634469110487 1796103754317
1634479121487 1796114755317
1634489132487 1796125756317
1634499143487 1796136757317
1634569220487 1796213764317
1634579231487 1796224765317
1634589242487 1796235766317
1634599253487 1796246767317
1634669330487 1796323774317
1634679341487 1796334775317
1634689352487 1796345776317
1634699363487 1796356777317
1634769440487 1796433784317
1634779451487 1796444785317
1634789462487 1796455786317
1634799473487 1796466787317
1634869550487 1796543794317
1634879561487 1796554795317
1634889572487 1796565796317
1634899583487 1796576797317
1640644760787 1654054686087
1640754871787 1654165697087
1640871655787 1655787164087
1641745870787 1655164796087
1642306501787 1657236410087
1642405502787 1657336311087
1642504503787 1657436212087
1642603504787 1657536113087
1642702505787 1657636014087
1676163507687 1677536160687
1681297741987 1695039947287
1683015712987 1698315701287
1683114713987 1698415602287
1683213714987 1698515503287
1683312715987 1698615404287
1683411716987 1698715305287
1683510717987 1698815206287
1684005722987 1699314711287
1684104723987 1699414612287
1684203724987 1699514513287
1684302725987 1699614414287
1684401726987 1699714315287
1684500727987 1699814216287
1707096178617 1708770961617
1711151298917 1729972060217
1711196291917 1728290970217
1711286382917 1728381961217
1711376473917 1728472952217
1711466564917 1728563943217
1711556655917 1728654934217
1711646746917 1728745925217
1711736837917 1728836916217
1711826928917 1728927907217
1712187292917 1729291871217
1712277383917 1729382862217
1712367474917 1729473853217
1712457565917 1729564844217
1712547656917 1729655835217
1712637747917 1729746826217
1712727838917 1729837817217
1712817929917 1729928808217
1740196584817 1757580973117
1740286675817 1757671964117
1740376766817 1757762955117
1740466857817 1757853946117
1740556948817 1757944937117
1741097494817 1758490883117
1741187585817 1758581874117
1741211470817 1757040506117
1741277676817 1758672865117
1741310471817 1757140407117
1741367767817 1758763856117
1741457858817 1758854847117
1741547949817 1758945838117
1742088495817 1759491784117
1742178586817 1759582775117
1742268677817 1759673766117
1742358768817 1759764757117
1742448859817 1759855748117
1770010861717 1786101707017
1770097787717 1787780886017
1770187878717 1787871877017
1770277969717 1787962868017
1771000871717 1787100717017
1771088788717 1788781787017
1771178879717 1788872778017
1772079789717 1789782688017
1831414251947 1848063304247
1831513252947 1848163205247
1831587597947 1849884973247
1831612253947 1848263106247
1831677688947 1849975964247
1831711254947 1848363007247
1832404261947 1849062314247
1832503262947 1849162215247
1832602263947 1849262116247
1832701264947 1849362017247
1860114641847 1877024604147
1860213642847 1877124505147
1860312643847 1877224406147
1860411644847 1877324307147
1860510645847 1877424208147
1861104651847 1878023614147
1861203652847 1878123515147
1861302653847 1878223416147
1861401654847 1878323317147
1861500655847 1878423218147
1900888297877 1919877980177
1900978388877 1919968971177
1970117622977 1988027602277
1970216623977 1988127503277
1970315624977 1988227404277
1970414625977 1988327305277
1970513626977 1988427206277
1970612627977 1988527107277
1970711628977 1988627008277
1971107632977 1989026612277
1971206633977 1989126513277
1971305634977 1989226414277
1971404635977 1989326315277
1971503636977 1989426216277
1971602637977 1989526117277
1971701638977 1989626018277
1977001978977 1978977001977
1977019771977 1977197701977
3002990569269 3005692990269
3010393530969 3230397930309
3010664460969 3230688660309
3010935390969 3230979390309
3010995396969 3030979992369
3012127836969 3030127878369
3012486492969 3221599773609
3013203510969 3231001596309
3013230903969 3231030969309
3013373760969 3233595960309
3013504833969 3231324699309
3013644690969 3233886690309
3014348670969 3234568890309
3016353990969 3236793990309
3017099444969 3044499917069
3017356993969 3237796993309
3018359996969 3238799996309
3018480285969 3046994805069
3019030323969 3239690103309
3019040353969 3239790403309
3019050383969 3239890703309
3020808200669 3220868000609
3020818203669 3221868300609
3020828206669 3222868600609
3020838209669 3223868900609
3020852982669 3240876786009
3020908230669 3220968030609
3020918233669 3221968330609
3020928236669 3222968630609
3020938239669 3223968930609
3020996787669 3021896994669
3021385075669 3243589453009
3021808500669 3220878003609
3021818503669 3221878303609
3021828506669 3222878603609
3021838509669 3223878903609
3021908530669 3220978033609
3021918533669 3221978333609
3021928536669 3222978633609
3021938539669 3223978933609
3022230906669 3222030966609
3022300090669 3220300096609
3022665720669 3031766721369
3022808800669 3220888006609
3022818803669 3221888306609
3022828806669 3222888606609
3022838809669 3223888906609
3022908830669 3220988036609
3022918833669 3221988336609
3022928836669 3222988636609
3022938839669 3223988936609
3023680045669 3043884421069
3023781168669 3044895651069
3023873098669 3044987581069
3024209766669 3033218697369
3024590152669 3042974314069
3024691275669 3043985544069
3024792398669 3044996774069
3025050383669 3223230569609
3025322390669 3223520396609
3026223904669 3235230679309
3027580233669 3036781404369
3027681456669 3037793634369
3028072683669 3226450869609
3028203726669 3037140387369
3028344690669 3226740696609
3028592463669 3036882627369
3028610305669 3047852104069
3028620428669 3048864404069
3028693686669 3037894857369
3028701412669 3046941034069
3028711535669 3047953334069
3028721658669 3048965634069
3029060223669 3229660203609
3029070253669 3229760503609
3029080283669 3229860803609
3029160523669 3229670233609
3029170553669 3229770533609
3029180583669 3229870833609
3029260823669 3229680263609
3029270853669 3229780563609
3029280883669 3229880863609
3029622605669 3047862227069
3029632728669 3048874527069
3029713712669 3046951157069
3029723835669 3047963457069
3029733958669 3048975757069
3030285907369 3222097933609
3030359518369 3232159936309
3030900232369 3232960030309
3030910335369 3233970330309
3030920438369 3234980630309
3031230909369 3213030963909
3031910532369 3232970133309
3031920635369 3233980433309
3031930738369 3234990733309
3032326092369 3232306296309
3032385292369 3232589236309
3032649668369 3234669866309
3032771003369 3033681110369
3032872126369 3034692340369
3032920832369 3232980236309
3032930935369 3233990536309
3032946898369 3234986896309
3032964056369 3034784270369
3033092325369 3235296303309
3033704055369 3235944033309
3033883356369 3034793463369
3033975286369 3034885393369
3034109470369 3246508660009
3034308072369 3236708430309
3035058185369 3235218569309
3035232817369 3226221766609
3035276071369 3224667106609
3035328392369 3235506596309
3036082207369 3228376003609
3036910153369 3037912330369
3036920276369 3038924630369
3036930399369 3039936930369
3037094237369 3228477206609
3037107593369 3249716663009
3037306095369 3239906433309
3037406292369 3238904463309
3037831346369 3038833523369
3037841469369 3039845823369
3037932576369 3038934753369
3038068225369 3047268316069
3038308065369 3239806236309
3038408262369 3238804266309
3038419395369 3239917566309
3038519592369 3238915596309
3038624298369 3049757373069
3038752539369 3039754716369
3038853769369 3039855946369
3039090123369 3219630303909
3039190423369 3219640333909
3039236705369 3239432369309
3039290723369 3219650363909
3040349638069 3222169816609
3043192515069 3225196113609
3044606448069 3226602846609
3045161271069 3245321259009
3045938575069 3225954379609
3046309767069 3249617856009
3047208407069 3249404429009
3047286779069 3239367599309
3047708453069 3238903466309
3048173571069 3248531559009
3048619426069 3239814439309
3050518862769 3151417992639
3050574068769 3173897352039
3050696762769 3150799635639
3050838962769 3161949972339
3051241475769 3151222578639
3051667415769 3153688512639
3051901502769 3150921018639
3051963545769 3153994542639
3052144085769 3142226148939
3052614368769 3143523378939
3052913555769 3143831475939
3053283068769 3175797225039
3053637015769 3155758102639
3054232562769 3154311675639
3054262775769 3154342878639
3054575188769 3166898255339
3054628715769 3156748812639
3054658328769 3156779415639
3054956408769 3146975505939
3055498385769 3145679448939
3055606238769 3146604348939
3055905425769 3146912445939
3055938668769 3146946678939
3055967708769 3146985618939
3056055815769 3166141878339
3057253862769 3157431975639
3057619628769 3159839715639
3058578288769 3159879358639
3060748201469 3142567100939
3061203624469 3153002743639
3061684274469 3162787146339
3061768514469 3143587413939
3061910461469 3161910176339
3061940774469 3161941479339
3062463027469 3165494023339
3063382044469 3164575006339
3063484157469 3165596136339
3063618884469 3155517993639
3063748014469 3145647103939
3064308061469 3166509140339
3064402891469 3176823770039
3064769327469 3146668416939
3065153837469 3157043856639
3065215414469 3166202456339
3065696284469 3155777159639
3066381107469 3158382006639
3067108574469 3179527473039
3067306074469 3169607143339
3067828454469 3158815476639
3068309301469 3178502086039
3068736071469 3159905253639
3071140603169 3174160601039
3071170116169 3174191104039
3071252363169 3172223367039
3071523380169 3172503294039
3071553493169 3172534397039
3073685246169 3155395047639
3074121416169 3177241404039
3074233550169 3175302564039
3074263663169 3175333667039
3074313346169 3157104524639
3074534680169 3175613594039
3074564793169 3175644697039
3075232329169 3158023507639
3075262416169 3158054404639
3075265759169 3158057837639
3075292503169 3158085301639
3075295846169 3158088734639
3075566629169 3158366807639
3075596716169 3158397704639
3076017233169 3178105254039
3076028576169 3179239554039
3076571326169 3168470237339
3076872626169 3168780537339
3077037893169 3179318964039
3077038103169 3178003167039
3077049446169 3179137467039
3077244850169 3178412864039
3077274963169 3178443967039
3077545980169 3178723894039
3086930899869 3089986930869
3100230902139 3200130931209
3100261625139 3200162644209
3100264418139 3200165527209
3100292348139 3200194357209
3100540925139 3200450944209
3100543718139 3200453827209
3100571648139 3200482657209
3100850948139 3200770957209
3100902302139 3200931301209
3102167162139 3201268234209
3103023902139 3203013931209
3103051832139 3203042761209
3103054625139 3203045644209
3103057418139 3203048527209
3103082555139 3203074474209
3103085348139 3203077357209
3103267185139 3202368257209
3103333925139 3203333944209
3103336718139 3203336827209
3103361855139 3203362774209
3103364648139 3203365657209
3103392578139 3203394487209
3103643948139 3203653957209
3103671878139 3203682787209
3104086418139 3205079254209
3104507162139 3204706441209
3104806418139 3204925507209
3105087348139 3205179347209
3105405185139 3204504277209
3105509255139 3205708534209
3106126925139 3206216944209
3106129718139 3206219827209
3106154855139 3206245774209
3106157648139 3206248657209
3106185578139 3206277487209
3106436948139 3206536957209
3106464878139 3206565787209
3106602092139 3206901361209
3107605185139 3207904454209
3107704392139 3206912384209
3108412625139 3207521347209
3108507485139 3207705577209
3108608278139 3208907547209
3108707485139 3207915477209
3109229948139 3209419957209
3109257878139 3209448787209
3140279612939 3170549942039
3141526200939 3161728200339
3141598554939 3152598771639
3142546503939 3162748503339
3143566806939 3163768806339
3144605213939 3164827013339
3145626516939 3165848316339
3146647819939 3166869619339
3147615087939 3159849141639
3147715284939 3158847171639
3148706529939 3168948129339
3149374527939 3159494517639
3150369722639 3160459832339
3151267027639 3173485261039
3151685882639 3160867865339
3153412832639 3162502745339
3154509342639 3164619252339
3155367048639 3166487055339
3155623248639 3166845225339
3157514811639 3175712457039
3158074028639 3168284108339
3158508228639 3168628038339
3158609325639 3167617068339
3159391572639 3167670828339
3161075223339 3171265323039
3161177226339 3172285353039
3162095253339 3171367326039
3162197256339 3172387356039
3162411196339 3174753160039
3162421499339 3175783460039
3163431193339 3173733163039
3163441496339 3174763463039
3163451799339 3175793763039
3164451190339 3172713166039
3164461493339 3173743466039
3164471796339 3174773766039
3165102713339 3175312613039
3165481490339 3172723469039
3165491793339 3173753769039
3168059926339 3178075786039
3169806530339 3178914263039
3180640166739 3293862034509
3180650459739 3294891334509
3180749566739 3282548685809
3180753389739 3294994264509
3181642820739 3292611844509
3181767659739 3283566778809
3181772396739 3293975257509
3182702729739 3286852702809
3182804636739 3285833632809
3182815959739 3286965932809
3182824720739 3293802654509
3182906543739 3284814562809
3182917866739 3285946862809
3183823706739 3285731725809
3183925613739 3284712655809
3183936936739 3285844955809
3186548180739 3287617372809
3190617074439 3282328063809
3190813814439 3283440850809
3190932137439 3283570063809
3191635067439 3283346056809
3191945144439 3283665043809
3191951144439 3282551056809
3191961437439 3283580356809
3192970151439 3281532049809
3192980444439 3282561349809
3192990737439 3283590649809
3194692064439 3295664038509
3194933811439 3296830742509
3196064087439 3298237228509
3197793041439 3298863025509
3208351557209 3209353374209
3209032093209 3209320903209
3213095424909 3245193924009
3213185515909 3245284915009
3213275606909 3245375906009
3214086425909 3246194825009
3214176516909 3246285816009
3214266607909 3246376807009
3215077426909 3247195726009
3215167517909 3247286717009
3215257608909 3247377708009
3216068427909 3248196627009
3216158518909 3248287618009
3216248609909 3248378609009
3217059428909 3249197528009
3217149519909 3249288519009
3280664278809 3292983274509
3281810716809 3282930703809
3282628432809 3292707454509
3283646515809 3293725537509
3290460796509 3290796406509
3290470966509 3290694706509
3290560349509 3291690236509
3290561366509 3290673236509
3290562496509 3290786236509
3290572666509 3290684536509
3290573796509 3290797536509
3290583966509 3290695836509
3290662049509 3291680066509
3290663179509 3291793066509
3290664196509 3290776066509
3290673349509 3291691366509
3290675496509 3290787366509
3290686796509 3290798666509
3290775049509 3291681196509
3290776179509 3291794196509
3290786349509 3291692496509
3290796519509 3291590796509
3291680179509 3291792049509
3356131820979 3386641802079
3356230821979 3386741703079
3357121830979 3387640812079
3357220831979 3387740713079
3379033793379 3379337903379
3403438904949 3434038949049
3403497347949 3437497943049
3403587438949 3437588934049
3403677529949 3437679925049
3404439914949 3435048959049
3404488348949 3438498844049
3404578439949 3438589835049
3404903438949 3438949034049
3405479349949 3439499745049
3653135810989 3686345801089
3653234811989 3686445702089
3653333812989 3686545603089
3653432813989 3686645504089
3653531814989 3686745405089
3653630815989 3686845306089
3654125820989 3687344811089
3654224821989 3687444712089
3654323822989 3687544613089
3654422823989 3687644514089
3654521824989 3687744415089
3654620825989 3687844316089
3655115830989 3688343821089
3655214831989 3688443722089
3655313832989 3688543623089
3655412833989 3688643524089
3655511834989 3688743425089
3655610835989 3688843326089
3656105840989 3689342831089
3656204841989 3689442732089
3656303842989 3689542633089
3656402843989 3689642534089
3656501844989 3689742435089
3656600845989 3689842336089
3722433540959 3756273504059
3722532541959 3756373405059
3722631542959 3756473306059
3722730543959 3756573207059
3723423550959 3757272514059
3723522551959 3757372415059
3723621552959 3757472316059
3723720553959 3757572217059
3724413560959 3758271524059
3724512561959 3758371425059
3724611562959 3758471326059
3724710563959 3758571227059
3725403570959 3759270534059
3725502571959 3759370435059
3725601572959 3759470336059
3725700573959 3759570237059
3831331670929 3866161607029
3831430671929 3866261508029
3832321680929 3867160617029
3832420681929 3867260518029
3910539400999 3946089400099
3910638401999 3946189301099
3910737402999 3946289202099
3910836403999 3946389103099
3910935404999 3946489004099
3911529410999 3947088410099
3911628411999 3947188311099
3911727412999 3947288212099
3911826413999 3947388113099
3911925414999 3947488014099
3912519420999 3948087420099
3912618421999 3948187321099
3912717422999 3948287222099
3912816423999 3948387123099
3912915424999 3948487024099
3913509430999 3949086430099
3913608431999 3949186331099
3913707432999 3949286232099
3913806433999 3949386133099
3913905434999 3949486034099
3915468120999 3927297210699
3915598253999 3928598540699
3915766023999 3927596013699
3930741430399 3941473033099
3930872463399 3942783363099
3935824893399 3947754693099