1005170607507 1006075170507
1010209020807 1020209080107
1010218026807 1020208186107
1010272127807 1021272780107
1010701020807 1020807010107
1010711127807 1021817710107
1010802090807 1020908080107
1010812197807 1021918780107
1011030810807 1020120907107
1011080211807 1021180801107
1011130911807 1020221908107
1011181318807 1022191871107
1011190917807 1012091880807
1011209121807 1021219081107
1011219127807 1021219187107
1011711720807 1020817117107
1011721827807 1021827817107
1011812790807 1020918187107
1011822897807 1021928887107
1012031820807 1021130917107
1012071212807 1022181702107
1012091281807 1021281908107
1012131921807 1021231918107
1012192388807 1022292978107
1012209222807 1022229082107
1013032830807 1022140927107
1013062213807 1023182603107
1013132931807 1022241928107
1013209323807 1023239083107
1014033840807 1023150937107
1014053214807 1024183504107
1014133941807 1023251938107
1014209424807 1024249084107
1015034850807 1024160947107
1015044215807 1025184405107
1015134951807 1024261948107
1015209525807 1025259085107
1016035216807 1026185306107
1016035860807 1025170957107
1016135961807 1025271958107
1016203797807 1027379680107
1016209626807 1026269086107
1017026217807 1027186207107
1017036870807 1026180967107
1017136971807 1026281968107
1017209727807 1027279087107
1018017218807 1028187108107
1018037880807 1027190977107
1018137981807 1027291978107
1018171908807 1019088171807
1018209828807 1028289088107
1019008219807 1029188009107
1019209929807 1029299089107
1021172209107 1022091172107
1040080504707 1050470804007
1041071505707 1051471705007
1042062506707 1052472606007
1043053507707 1053473507007
1044044508707 1054474408007
1045035509707 1055475309007
1082071091907 1091907108207
1082080928907 1092890808207
1082179298907 1092989178207
1083071929907 1093891709207
1101480247137 1102471480137
1114481548437 1115484481437
1120291224737 1131482821037
1120381315737 1131573812037
1120471406737 1131664803037
1121034802737 1131113936037
1121134903737 1131214937037
1121192134737 1132392731037
1121282225737 1132483722037
1121372316737 1132574713037
1121462407737 1132665704037
1122035812737 1132123946037
1122135913737 1132224947037
1122183135737 1133393632037
1122273226737 1133484623037
1122363317737 1133575614037
1122453408737 1133666605037
1122516960737 1132618594037
1123036822737 1133133956037
1123136923737 1133234957037
1123174136737 1134394533037
1123264227737 1134485524037
1123354318737 1134576515037
1123444409737 1134667506037
1124037832737 1134143966037
1124137933737 1134244967037
1124165137737 1135395434037
1124255228737 1135486425037
1124345319737 1135577416037
1125038842737 1135153976037
1125138943737 1135254977037
1125156138737 1136396335037
1125246229737 1136487326037
1126039852737 1136163986037
1126048362737 1136274826037
1126139953737 1136264987037
1126147139737 1137397236037
1127482849737 1128497482737
1161390738937 1172992915237
1162371172937 1172937116237
1162381739937 1173993816237
1165449203937 1175823087237
1201790287167 1202871790167
1214791588467 1215884791467
1220040560767 1230012648067
1220150671767 1230123659067
1220592237767 1232785831067
1220671231767 1231767122067
1220682328767 1232876822067
1220772419767 1232967813067
1220793298767 1232987792067
1221038704767 1232016965067
1221138805767 1232117966067
1221141670767 1231122758067
1221229920767 1232219881067
1221238906767 1232218967067
1221251781767 1231233769067
1221493147767 1233695741067
1221583238767 1233786732067
1221673329767 1233877723067
1221780931767 1231778219067
1222039714767 1233026975067
1222079331767 1233177922067
1222139815767 1233127976067
1222239916767 1233228977067
1222242780767 1232232868067
1222352891767 1232343879067
1222484148767 1234696642067
1222574239767 1234787633067
1223343890767 1233342978067
1223475149767 1235697543067
1225411310767 1236551301067
1225510311767 1236651202067
1226401320767 1237550311067
1226500321767 1237650212067
1226531093767 1237781514067
1227792889767 1228897792767
1227924801767 1237862059067
1228925700767 1238871058067
1266127726967 1278673670267
1267000127967 1279670001267
1267012797967 1279796701267
1267126827967 1279682671267
1268267127967 1279671268267
1268278530967 1278530968267
1268279797967 1279797968267
1300175703597 1430048970327
1300176604597 1430049961327
1300184713597 1430058880327
1300185614597 1430059871327
1300193723597 1430068790327
1300194624597 1430069781327
1300274813597 1430157980327
1300275714597 1430158971327
1300276615597 1430159962327
1300283823597 1430167890327
1300284724597 1430168881327
1300285625597 1430169872327
1300293734597 1430178791327
1300294635597 1430179782327
1300373923597 1430266990327
1300374824597 1430267981327
1300375725597 1430268972327
1300376626597 1430269963327
1300383834597 1430277891327
1300384735597 1430278882327
1300385636597 1430279873327
1300393745597 1430288792327
1300394646597 1430289783327
1300473934597 1430376991327
1300474835597 1430377982327
1300475736597 1430378973327
1300476637597 1430379964327
1300483845597 1430387892327
1300484746597 1430388883327
1300485647597 1430389874327
1300493756597 1430398793327
1300494657597 1430399784327
1300573945597 1430486992327
1300574846597 1430487983327
1300575747597 1430488974327
1300576648597 1430489965327
1300583856597 1430497893327
1300584757597 1430498884327
1300585658597 1430499875327
1300673956597 1430596993327
1300674857597 1430597984327
1300675758597 1430598975327
1300676659597 1430599966327
1301076703597 1431039970327
1301085713597 1431049880327
1301094723597 1431059790327
1301175813597 1431148980327
1301176714597 1431149971327
1301184823597 1431158890327
1301185724597 1431159881327
1301194734597 1431169791327
1301274923597 1431257990327
1301275824597 1431258981327
1301276725597 1431259972327
1301284834597 1431268891327
1301285735597 1431269882327
1301294745597 1431279792327
1301313141597 1430001585327
1301323152597 1430012586327
1301333163597 1430023587327
1301343174597 1430034588327
1301353185597 1430045589327
1301374934597 1431367991327
1301375835597 1431368982327
1301376736597 1431369973327
1301384845597 1431378892327
1301385746597 1431379883327
1301394756597 1431389793327
1301403240597 1430100594327
1301413251597 1430111595327
1301423262597 1430122596327
1301433273597 1430133597327
1301443284597 1430144598327
1301453295597 1430155599327
1301474945597 1431477992327
1301475846597 1431478983327
1301476747597 1431479974327
1301484856597 1431488893327
1301485757597 1431489884327
1301494767597 1431499794327
1301574956597 1431587993327
1301575857597 1431588984327
1301576758597 1431589975327
1301584867597 1431598894327
1301585768597 1431599885327
1301674967597 1431697994327
1301675868597 1431698985327
1301676769597 1431699976327
1302076813597 1432139980327
1302085823597 1432149890327
1302175923597 1432248990327
1302176824597 1432249981327
1302185834597 1432259891327
1302224142597 1431002676327
1302234153597 1431013677327
1302244164597 1431024678327
1302254175597 1431035679327
1302275934597 1432358991327
1302276835597 1432359982327
1302285845597 1432369892327
1302314241597 1431101685327
1302324252597 1431112686327
1302334263597 1431123687327
1302344274597 1431134688327
1302354285597 1431145689327
1302375945597 1432468992327
1302376846597 1432469983327
1302385856597 1432479893327
1302404340597 1431200694327
1302414351597 1431211695327
1302424362597 1431222696327
1302434373597 1431233697327
1302444384597 1431244698327
1302454395597 1431255699327
1302475956597 1432578993327
1302476857597 1432579984327
1302485867597 1432589894327
1302575967597 1432688994327
1302576868597 1432689985327
1302585878597 1432699895327
1302675978597 1432798995327
1302676879597 1432799986327
1303076923597 1433239990327
1303135143597 1432003767327
1303145154597 1432014768327
1303155165597 1432025769327
1303176934597 1433349991327
1303225242597 1432102776327
1303235253597 1432113777327
1303245264597 1432124778327
1303255275597 1432135779327
1303271433597 1433597130327
1303276945597 1433459992327
1303315341597 1432201785327
1303325352597 1432212786327
1303335363597 1432223787327
1303345374597 1432234788327
1303355385597 1432245789327
1303376956597 1433569993327
1303405440597 1432300794327
1303415451597 1432311795327
1303425462597 1432322796327
1303435473597 1432333797327
1303445484597 1432344798327
1303455495597 1432355799327
1303476967597 1433679994327
1303576978597 1433789995327
1303676989597 1433899996327
1304046144597 1433004858327
1304056155597 1433015859327
1304136243597 1433103867327
1304146254597 1433114868327
1304156265597 1433125869327
1304226342597 1433202876327
1304236353597 1433213877327
1304246364597 1433224878327
1304256375597 1433235879327
1304316441597 1433301885327
1304326452597 1433312886327
1304336463597 1433323887327
1304346474597 1433334888327
1304356485597 1433345889327
1304406540597 1433400894327
1304416551597 1433411895327
1304426562597 1433422896327
1304436573597 1433433897327
1304446584597 1433444898327
1304456595597 1433455899327
1305047244597 1434104958327
1305057255597 1434115959327
1305137343597 1434203967327
1305147354597 1434214968327
1305157365597 1434225969327
1305227442597 1434302976327
1305237453597 1434313977327
1305247464597 1434324978327
1305257475597 1434335979327
1305317541597 1434401985327
1305327552597 1434412986327
1305337563597 1434423987327
1305347574597 1434434988327
1305357585597 1434445989327
1305407640597 1434500994327
1305417651597 1434511995327
1305427662597 1434522996327
1305437673597 1434533997327
1305447684597 1434544998327
1305457695597 1434555999327
1306732843597 1435983067327
1308338625597 1437605499327
1310312861897 1321022796197
1310416143897 1440004794627
1310426154897 1440015795627
1310436165897 1440026796627
1310446176897 1440037797627
1310456187897 1440048798627
1310466198897 1440059799627
1311303860897 1322021895197
1311327144897 1441005885627
1311337155897 1441016886627
1311347166897 1441027887627
1311357177897 1441038888627
1311367188897 1441049889627
1311417243897 1441104894627
1311427254897 1441115895627
1311437265897 1441126896627
1311447276897 1441137897627
1311457287897 1441148898627
1311467298897 1441159899627
1311893159897 1324998840197
1311971323897 1323897131197
1312238145897 1442006976627
1312248156897 1442017977627
1312258167897 1442028978627
1312268178897 1442039979627
1312328244897 1442105985627
1312338255897 1442116986627
1312348266897 1442127987627
1312358277897 1442138988627
1312368288897 1442149989627
1312418343897 1442204994627
1312428354897 1442215995627
1312438365897 1442226996627
1312448376897 1442237997627
1312458387897 1442248998627
1312468398897 1442259999627
1314435618897 1444304889627
1314530371897 1443240199627
1315345617897 1445304798627
1315446728897 1445415899627
1315541471897 1444350299627
1316271447897 1447897131627
1316552571897 1445460399627
1316703102897 1328673010197
1317563671897 1446570499627
1318562844897 1448983185627
1318574771897 1447680599627
1319585871897 1448790699627
1322125605197 1441103951627
1322328584197 1440159727627
1322610346197 1440350139627
1322620456197 1440361149627
1322630566197 1440372159627
1322640676197 1440383169627
1322650786197 1440394179627
1322711446197 1440460239627
1322720545197 1440470148627
1322721556197 1440471249627
1322730655197 1440481158627
1322731666197 1440482259627
1322740765197 1440492168627
1322741776197 1440493269627
1322812546197 1440570339627
1322821645197 1440580248627
1322822656197 1440581349627
1322830744197 1440590157627
1322831755197 1440591258627
1322832766197 1440592359627
1322913646197 1440680439627
1322922745197 1440690348627
1322923756197 1440691449627
1323135715197 1442204961627
1323510136197 1441330029627
1323520246197 1441341039627
1323530356197 1441352049627
1323540466197 1441363059627
1323550576197 1441374069627
1323560686197 1441385079627
1323570796197 1441396089627
1323611236197 1441440129627
1323620335197 1441450038627
1323621346197 1441451139627
1323630445197 1441461048627
1323631456197 1441462149627
1323640555197 1441472058627
1323641566197 1441473159627
1323650665197 1441483068627
1323651676197 1441484169627
1323660775197 1441494078627
1323661786197 1441495179627
1323712336197 1441550229627
1323721435197 1441560138627
1323722446197 1441561239627
1323730534197 1441570047627
1323731545197 1441571148627
1323732556197 1441572249627
1323740644197 1441581057627
1323741655197 1441582158627
1323742666197 1441583259627
1323750754197 1441592067627
1323751765197 1441593168627
1323752776197 1441594269627
1323813436197 1441660329627
1323822535197 1441670238627
1323823546197 1441671339627
1323831634197 1441680147627
1323832645197 1441681248627
1323833656197 1441682349627
1323840733197 1441690056627
1323841744197 1441691157627
1323842755197 1441692258627
1323843766197 1441693359627
1323914536197 1441770429627
1323923635197 1441780338627
1323924646197 1441781439627
1323932734197 1441790247627
1323933745197 1441791348627
1323934756197 1441792449627
1324145825197 1443305971627
1324511026197 1442420019627
1324521136197 1442431029627
1324531246197 1442442039627
1324541356197 1442453049627
1324551466197 1442464059627
1324561576197 1442475069627
1324571686197 1442486079627
1324581796197 1442497089627
1324612126197 1442530119627
1324621225197 1442540028627
1324622236197 1442541129627
1324631335197 1442551038627
1324632346197 1442552139627
1324641445197 1442562048627
1324642456197 1442563149627
1324651555197 1442573058627
1324652566197 1442574159627
1324661665197 1442584068627
1324662676197 1442585169627
1324671775197 1442595078627
1324672786197 1442596179627
1324713226197 1442640219627
1324722325197 1442650128627
1324723336197 1442651229627
1324731424197 1442660037627
1324732435197 1442661138627
1324733446197 1442662239627
1324741534197 1442671047627
1324742545197 1442672148627
1324743556197 1442673249627
1324751644197 1442682057627
1324752655197 1442683158627
1324753666197 1442684259627
1324761754197 1442693067627
1324762765197 1442694168627
1324763776197 1442695269627
1324814326197 1442750319627
1324823425197 1442760228627
1324824436197 1442761329627
1324832524197 1442770137627
1324833535197 1442771238627
1324834546197 1442772339627
1324841623197 1442780046627
1324842634197 1442781147627
1324843645197 1442782248627
1324844656197 1442783349627
1324851733197 1442791056627
1324852744197 1442792157627
1324853755197 1442793258627
1324854766197 1442794359627
1324915426197 1442860419627
1324924525197 1442870328627
1324925536197 1442871429627
1324933624197 1442880237627
1324934635197 1442881338627
1324935646197 1442882439627
1324942723197 1442890146627
1324943734197 1442891247627
1324944745197 1442892348627
1324945756197 1442893449627
1325054514197 1444439300627
1325155935197 1444406981627
1325522026197 1443521019627
1325532136197 1443532029627
1325542246197 1443543039627
1325552356197 1443554049627
1325562466197 1443565059627
1325572576197 1443576069627
1325582686197 1443587079627
1325592796197 1443598089627
1325613016197 1443620109627
1325622115197 1443630018627
1325623126197 1443631119627
1325632225197 1443641028627
1325633236197 1443642129627
1325642335197 1443652038627
1325643346197 1443653139627
1325652445197 1443663048627
1325653456197 1443664149627
1325662555197 1443674058627
1325663566197 1443675159627
1325672665197 1443685068627
1325673676197 1443686169627
1325682775197 1443696078627
1325683786197 1443697179627
1325714116197 1443730209627
1325723215197 1443740118627
1325724226197 1443741219627
1325732314197 1443750027627
1325733325197 1443751128627
1325734336197 1443752229627
1325742424197 1443761037627
1325743435197 1443762138627
1325744446197 1443763239627
1325752534197 1443772047627
1325753545197 1443773148627
1325754556197 1443774249627
1325762644197 1443783057627
1325763655197 1443784158627
1325764666197 1443785259627
1325772754197 1443794067627
1325773765197 1443795168627
1325774776197 1443796269627
1325815216197 1443840309627
1325824315197 1443850218627
1325825326197 1443851319627
1325833414197 1443860127627
1325834425197 1443861228627
1325835436197 1443862329627
1325842513197 1443870036627
1325843524197 1443871137627
1325844535197 1443872238627
1325845546197 1443873339627
1325852623197 1443881046627
1325853634197 1443882147627
1325854645197 1443883248627
1325855656197 1443884349627
1325862733197 1443892056627
1325863744197 1443893157627
1325864755197 1443894258627
1325865766197 1443895359627
1325916316197 1443950409627
1325925415197 1443960318627
1325926426197 1443961419627
1325934514197 1443970227627
1325935525197 1443971328627
1325936536197 1443972429627
1325943613197 1443980136627
1325944624197 1443981237627
1325945635197 1443982338627
1325946646197 1443983439627
1325952712197 1443990045627
1325953723197 1443991146627
1325954734197 1443992247627
1325955745197 1443993348627
1325956756197 1443994449627
1326054425197 1445529301627
1326533026197 1444622019627
1326543136197 1444633029627
1326553246197 1444644039627
1326563356197 1444655049627
1326573466197 1444666059627
1326583576197 1444677069627
1326593686197 1444688079627
1326623005197 1444720008627
1326624016197 1444721109627
1326633115197 1444731018627
1326634126197 1444732119627
1326643225197 1444742028627
1326644236197 1444743129627
1326653335197 1444753038627
1326654346197 1444754139627
1326663445197 1444764048627
1326664456197 1444765149627
1326673555197 1444775058627
1326674566197 1444776159627
1326683665197 1444786068627
1326684676197 1444787169627
1326693775197 1444797078627
1326694786197 1444798179627
1326724105197 1444830108627
1326725116197 1444831209627
1326733204197 1444840017627
1326734215197 1444841118627
1326735226197 1444842219627
1326743314197 1444851027627
1326744325197 1444852128627
1326745336197 1444853229627
1326753424197 1444862037627
1326754435197 1444863138627
1326755446197 1444864239627
1326763534197 1444873047627
1326764545197 1444874148627
1326765556197 1444875249627
1326773644197 1444884057627
1326774655197 1444885158627
1326775666197 1444886259627
1326783754197 1444895067627
1326784765197 1444896168627
1326785776197 1444897269627
1326825205197 1444940208627
1326826216197 1444941309627
1326834304197 1444950117627
1326835315197 1444951218627
1326836326197 1444952319627
1326843403197 1444960026627
1326844414197 1444961127627
1326845425197 1444962228627
1326846436197 1444963329627
1326853513197 1444971036627
1326854524197 1444972137627
1326855535197 1444973238627
1326856546197 1444974339627
1326863623197 1444982046627
1326864634197 1444983147627
1326865645197 1444984248627
1326866656197 1444985349627
1326873733197 1444993056627
1326874744197 1444994157627
1326875755197 1444995258627
1326876766197 1444996359627
1327054336197 1446619302627
1327544026197 1445723019627
1327554136197 1445734029627
1327564246197 1445745039627
1327574356197 1445756049627
1327584466197 1445767059627
1327594576197 1445778069627
1327634005197 1445821008627
1327635016197 1445822109627
1327644115197 1445832018627
1327645126197 1445833119627
1327654225197 1445843028627
1327655236197 1445844129627
1327664335197 1445854038627
1327665346197 1445855139627
1327674445197 1445865048627
1327675456197 1445866149627
1327684555197 1445876058627
1327685566197 1445877159627
1327694665197 1445887068627
1327695676197 1445888169627
1327735105197 1445931108627
1327736116197 1445932209627
1327744204197 1445941017627
1327745215197 1445942118627
1327746226197 1445943219627
1327754314197 1445952027627
1327755325197 1445953128627
1327756336197 1445954229627
1327764424197 1445963037627
1327765435197 1445964138627
1327766446197 1445965239627
1327774534197 1445974047627
1327775545197 1445975148627
1327776556197 1445976249627
1327784644197 1445985057627
1327785655197 1445986158627
1327786666197 1445987259627
1327794754197 1445996067627
1327795765197 1445997168627
1327796776197 1445998269627
1328054247197 1447709303627
1328555026197 1446824019627
1328565136197 1446835029627
1328575246197 1446846039627
1328585356197 1446857049627
1328595466197 1446868059627
1328645005197 1446922008627
1328646016197 1446923109627
1328655115197 1446933018627
1328656126197 1446934119627
1328665225197 1446944028627
1328666236197 1446945129627
1328675335197 1446955038627
1328676346197 1446956139627
1328685445197 1446966048627
1328686456197 1446967149627
1328695555197 1446977058627
1328696566197 1446978159627
1329566026197 1447925019627
1329576136197 1447936029627
1329586246197 1447947039627
1329596356197 1447958049627
1330196933497 1463068991227
1330197834497 1463069982227
1330296944497 1463178992227
1330297845497 1463179983227
1330396955497 1463288993227
1330397856497 1463289984227
1330444150497 1462013395227
1330454161497 1462024396227
1330464172497 1462035397227
1330474183497 1462046398227
1330484194497 1462057399227
1330496966497 1463398994227
1330497867497 1463399985227
1331097933497 1464059991227
1331197944497 1464169992227
1331297955497 1464279993227
1331345140497 1463003485227
1331355151497 1463014486227
1331365162497 1463025487227
1331375173497 1463036488227
1331385184497 1463047489227
1331397966497 1464389994227
1331445250497 1463113495227
1331455261497 1463124496227
1331465272497 1463135497227
1331475283497 1463146498227
1331485294497 1463157499227
1331497977497 1464499995227
1331820859497 1450380579927
1331830969497 1450391589927
1331921959497 1450490679927
1332256141497 1464004576227
1332266152497 1464015577227
1332271465497 1465497133227
1332276163497 1464026578227
1332286174497 1464037579227
1332346240497 1464103585227
1332356251497 1464114586227
1332366262497 1464125587227
1332376273497 1464136588227
1332386284497 1464147589227
1332446350497 1464213595227
1332456361497 1464224596227
1332466372497 1464235597227
1332476383497 1464246598227
1332486394497 1464257599227
1332720649497 1451360469927
1332730759497 1451371479927
1332740869497 1451382489927
1332750979497 1451393499927
1332821749497 1451470569927
1332830848497 1451480478927
1332831859497 1451481579927
1332840958497 1451491488927
1332841969497 1451492589927
1332922849497 1451580669927
1332931948497 1451590578927
1332932959497 1451591679927
1333167142497 1465005667227
1333177153497 1465016668227
1333187164497 1465027669227
1333257241497 1465104676227
1333267252497 1465115677227
1333277263497 1465126678227
1333287274497 1465137679227
1333347340497 1465203685227
1333357351497 1465214686227
1333367362497 1465225687227
1333377373497 1465236688227
1333387384497 1465247689227
1333447450497 1465313695227
1333457461497 1465324696227
1333467472497 1465335697227
1333477483497 1465346698227
1333487494497 1465357699227
1333620439497 1452340359927
1333630549497 1452351369927
1333640659497 1452362379927
1333650769497 1452373389927
1333660879497 1452384399927
1333721539497 1452450459927
1333730638497 1452460368927
1333731649497 1452461469927
1333740748497 1452471378927
1333741759497 1452472479927
1333750858497 1452482388927
1333751869497 1452483489927
1333760968497 1452493398927
1333761979497 1452494499927
1333822639497 1452560559927
1333831738497 1452570468927
1333832749497 1452571569927
1333840837497 1452580377927
1333841848497 1452581478927
1333842859497 1452582579927
1333850947497 1452591387927
1333851958497 1452592488927
1333852969497 1452593589927
1333923739497 1452670659927
1333932838497 1452680568927
1333933849497 1452681669927
1333941937497 1452690477927
1333942948497 1452691578927
1333943959497 1452692679927
1334078143497 1466006758227
1334088154497 1466017759227
1334168242497 1466105767227
1334178253497 1466116768227
1334188264497 1466127769227
1334258341497 1466204776227
1334268352497 1466215777227
1334278363497 1466226778227
1334288374497 1466237779227
1334322290497 1452046117927
1334348440497 1466303785227
1334358451497 1466314786227
1334368462497 1466325787227
1334378473497 1466336788227
1334388484497 1466347789227
1334448550497 1466413795227
1334458561497 1466424796227
1334468572497 1466435797227
1334478583497 1466446798227
1334488594497 1466457799227
1334520229497 1453320249927
1334530339497 1453331259927
1334540449497 1453342269927
1334550559497 1453353279927
1334560669497 1453364289927
1334570779497 1453375299927
1334621329497 1453430349927
1334630428497 1453440258927
1334631439497 1453441359927
1334640538497 1453451268927
1334641549497 1453452369927
1334650648497 1453462278927
1334651659497 1453463379927
1334660758497 1453473288927
1334661769497 1453474389927
1334670868497 1453484298927
1334671879497 1453485399927
1334722429497 1453540449927
1334731528497 1453550358927
1334732539497 1453551459927
1334740627497 1453560267927
1334741638497 1453561368927
1334742649497 1453562469927
1334750737497 1453571277927
1334751748497 1453572378927
1334752759497 1453573479927
1334760847497 1453582287927
1334761858497 1453583388927
1334762869497 1453584489927
1334770957497 1453593297927
1334771968497 1453594398927
1334772979497 1453595499927
1334823529497 1453650549927
1334832628497 1453660458927
1334833639497 1453661559927
1334841727497 1453670367927
1334842738497 1453671468927
1334843749497 1453672569927
1334850826497 1453680276927
1334851837497 1453681377927
1334852848497 1453682478927
1334853859497 1453683579927
1334860936497 1453691286927
1334861947497 1453692387927
1334862958497 1453693488927
1334863969497 1453694589927
1334924629497 1453760649927
1334933728497 1453770558927
1334934739497 1453771659927
1334942827497 1453780467927
1334943838497 1453781568927
1334944849497 1453782669927
1334951926497 1453790376927
1334952937497 1453791477927
1334953948497 1453792578927
1334954959497 1453793679927
1335079243497 1467106858227
1335089254497 1467117859227
1335169342497 1467205867227
1335179353497 1467216868227
1335189364497 1467227869227
1335231191497 1453035208927
1335259441497 1467304876227
1335269452497 1467315877227
1335279463497 1467326878227
1335289474497 1467337879227
1335332180497 1453145107927
1335349540497 1467403885227
1335359551497 1467414886227
1335369562497 1467425887227
1335379573497 1467436888227
1335389584497 1467447889227
1335420019497 1454300139927
1335430129497 1454311149927
1335440239497 1454322159927
1335444390497 1453267217927
1335449650497 1467513895227
1335450349497 1454333169927
1335459661497 1467524896227
1335460459497 1454344179927
1335469672497 1467535897227
1335470569497 1454355189927
1335479683497 1467546898227
1335480679497 1454366199927
1335489694497 1467557899227
1335521119497 1454410239927
1335530218497 1454420148927
1335531229497 1454421249927
1335540328497 1454431158927
1335541339497 1454432259927
1335550438497 1454442168927
1335551449497 1454443269927
1335560548497 1454453178927
1335561559497 1454454279927
1335570658497 1454464188927
1335571669497 1454465289927
1335580768497 1454475198927
1335581779497 1454476299927
1335622219497 1454520339927
1335631318497 1454530248927
1335632329497 1454531349927
1335640417497 1454540157927
1335641428497 1454541258927
1335642439497 1454542359927
1335650527497 1454551167927
1335651538497 1454552268927
1335652549497 1454553369927
1335660637497 1454562177927
1335661648497 1454563278927
1335662659497 1454564379927
1335670747497 1454573187927
1335671758497 1454574288927
1335672769497 1454575389927
1335680857497 1454584197927
1335681868497 1454585298927
1335682879497 1454586399927
1335723319497 1454630439927
1335732418497 1454640348927
1335733429497 1454641449927
1335741517497 1454650257927
1335742528497 1454651358927
1335743539497 1454652459927
1335750616497 1454660166927
1335751627497 1454661267927
1335752638497 1454662368927
1335753649497 1454663469927
1335760726497 1454671176927
1335761737497 1454672277927
1335762748497 1454673378927
1335763759497 1454674479927
1335770836497 1454682186927
1335771847497 1454683287927
1335772858497 1454684388927
1335773869497 1454685489927
1335780946497 1454693196927
1335781957497 1454694297927
1335782968497 1454695398927
1335783979497 1454696499927
1335824419497 1454740539927
1335833518497 1454750448927
1335834529497 1454751549927
1335842617497 1454760357927
1335843628497 1454761458927
1335844639497 1454762559927
1335851716497 1454770266927
1335852727497 1454771367927
1335853738497 1454772468927
1335854749497 1454773569927
1335860815497 1454780175927
1335861826497 1454781276927
1335862837497 1454782377927
1335863848497 1454783478927
1335864859497 1454784579927
1335870925497 1454791185927
1335871936497 1454792286927
1335872947497 1454793387927
1335873958497 1454794488927
1335874969497 1454795589927
1335925519497 1454850639927
1335927145497 1454971335927
1335934618497 1454860548927
1335935629497 1454861649927
1335943717497 1454870457927
1335944728497 1454871558927
1335945739497 1454872659927
1335952816497 1454880366927
1335953827497 1454881467927
1335954838497 1454882568927
1335955849497 1454883669927
1335961915497 1454890275927
1335962926497 1454891376927
1335963937497 1454892477927
1335964948497 1454893578927
1335965959497 1454894679927
1336262607497 1456657220927
1336340029497 1455302049927
1336350139497 1455313059927
1336353291497 1454256308927
1336353508497 1456756311927
1336360249497 1455324069927
1336370359497 1455335079927
1336380469497 1455346089927
1336390579497 1455357099927
1336430008497 1455400038927
1336431019497 1455401139927
1336440118497 1455411048927
1336441129497 1455412149927
1336444409497 1456855402927
1336450228497 1455422058927
1336451239497 1455423159927
1336454280497 1454366207927
1336460338497 1455433068927
1336461349497 1455434169927
1336470448497 1455444078927
1336471459497 1455445179927
1336480558497 1455455088927
1336481569497 1455456189927
1336490668497 1455466098927
1336491679497 1455467199927
1336522009497 1455500229927
1336531108497 1455510138927
1336532119497 1455511239927
1336540207497 1455520047927
1336541218497 1455521148927
1336542229497 1455522249927
1336550317497 1455531057927
1336551328497 1455532158927
1336552339497 1455533259927
1336560427497 1455542067927
1336561438497 1455543168927
1336562449497 1455544269927
1336566490497 1454488317927
1336570537497 1455553077927
1336571548497 1455554178927
1336572559497 1455555279927
1336580647497 1455564087927
1336581658497 1455565188927
1336582669497 1455566289927
1336590757497 1455575097927
1336591768497 1455576198927
1336592779497 1455577299927
1336623109497 1455610329927
1336632208497 1455620238927
1336633219497 1455621339927
1336641307497 1455630147927
1336642318497 1455631248927
1336643329497 1455632349927
1336650406497 1455640056927
1336651417497 1455641157927
1336652428497 1455642258927
1336653439497 1455643359927
1336660516497 1455651066927
1336661527497 1455652167927
1336662538497 1455653268927
1336663549497 1455654369927
1336670626497 1455662076927
1336671637497 1455663177927
1336672648497 1455664278927
1336673659497 1455665379927
1336680736497 1455673086927
1336681747497 1455674187927
1336682758497 1455675288927
1336683769497 1455676389927
1336690846497 1455684096927
1336691857497 1455685197927
1336692868497 1455686298927
1336693879497 1455687399927
1336724209497 1455720429927
1336733308497 1455730338927
1336734319497 1455731439927
1336742407497 1455740247927
1336743418497 1455741348927
1336744429497 1455742449927
1336751506497 1455750156927
1336752517497 1455751257927
1336753528497 1455752358927
1336754539497 1455753459927
1336760605497 1455760065927
1336761616497 1455761166927
1336762627497 1455762267927
1336763638497 1455763368927
1336764649497 1455764469927
1336770715497 1455771075927
1336771726497 1455772176927
1336772737497 1455773277927
1336773748497 1455774378927
1336774759497 1455775479927
1336780825497 1455782085927
1336781836497 1455783186927
1336782847497 1455784287927
1336783858497 1455785388927
1336784869497 1455786489927
1336790935497 1455793095927
1336791946497 1455794196927
1336792957497 1455795297927
1336793968497 1455796398927
1336794979497 1455797499927
1336825309497 1455830529927
1336834408497 1455840438927
1336835419497 1455841539927
1336843507497 1455850347927
1336844518497 1455851448927
1336845529497 1455852549927
1336852606497 1455860256927
1336853617497 1455861357927
1336854628497 1455862458927
1336855639497 1455863559927
1336861705497 1455870165927
1336862716497 1455871266927
1336863727497 1455872367927
1336864738497 1455873468927
1336865749497 1455874569927
1336870804497 1455880074927
1336871815497 1455881175927
1336872826497 1455882276927
1336873837497 1455883377927
1336874848497 1455884478927
1336875859497 1455885579927
1336880914497 1455891084927
1336881925497 1455892185927
1336882936497 1455893286927
1336883947497 1455894387927
1336884958497 1455895488927
1336885969497 1455896589927
1336926409497 1455940629927
1336935508497 1455950538927
1336936519497 1455951639927
1336944607497 1455960447927
1336945618497 1455961548927
1336946629497 1455962649927
1336953706497 1455970356927
1336954717497 1455971457927
1336955728497 1455972558927
1336956739497 1455973659927
1336962805497 1455980265927
1336963816497 1455981366927
1336964827497 1455982467927
1336965838497 1455983568927
1336966849497 1455984669927
1336971904497 1455990174927
1336972915497 1455991275927
1336973926497 1455992376927
1336974937497 1455993477927
1336975948497 1455994578927
1336976959497 1455995679927
1337171617497 1457648130927
1337262518497 1457747221927
1337351029497 1456403049927
1337353419497 1457846312927
1337361139497 1456414059927
1337371249497 1456425069927
1337381359497 1456436079927
1337391469497 1456447089927
1337441008497 1456501038927
1337442019497 1456502139927
1337451118497 1456512048927
1337452129497 1456513149927
1337461228497 1456523058927
1337462239497 1456524159927
1337471338497 1456534068927
1337472349497 1456535169927
1337475391497 1455477408927
1337481448497 1456545078927
1337482459497 1456546179927
1337491558497 1456556088927
1337492569497 1456557189927
1337533009497 1456601229927
1337542108497 1456611138927
1337543119497 1456612239927
1337551207497 1456621047927
1337552218497 1456622148927
1337553229497 1456623249927
1337561317497 1456632057927
1337562328497 1456633158927
1337563339497 1456634259927
1337571427497 1456643067927
1337572438497 1456644168927
1337573449497 1456645269927
1337576380497 1455587307927
1337581537497 1456654077927
1337582548497 1456655178927
1337583559497 1456656279927
1337591647497 1456665087927
1337592658497 1456666188927
1337593669497 1456667289927
1337634109497 1456711329927
1337639176497 1456822956927
1337643208497 1456721238927
1337644219497 1456722339927
1337652307497 1456731147927
1337653318497 1456732248927
1337654329497 1456733349927
1337661406497 1456741056927
1337662417497 1456742157927
1337663428497 1456743258927
1337664439497 1456744359927
1337671516497 1456752066927
1337672527497 1456753167927
1337673538497 1456754268927
1337674549497 1456755369927
1337681626497 1456763076927
1337682637497 1456764177927
1337683648497 1456765278927
1337684659497 1456766379927
1337691736497 1456774086927
1337692747497 1456775187927
1337693758497 1456776288927
1337694769497 1456777389927
1337735209497 1456821429927
1337744308497 1456831338927
1337745319497 1456832439927
1337753407497 1456841247927
1337754418497 1456842348927
1337755429497 1456843449927
1337762506497 1456851156927
1337763517497 1456852257927
1337764528497 1456853358927
1337765539497 1456854459927
1337771605497 1456861065927
1337772616497 1456862166927
1337773627497 1456863267927
1337774638497 1456864368927
1337775649497 1456865469927
1337781715497 1456872075927
1337782726497 1456873176927
1337783737497 1456874277927
1337784748497 1456875378927
1337785759497 1456876479927
1337791825497 1456883085927
1337792836497 1456884186927
1337793847497 1456885287927
1337794858497 1456886388927
1337795869497 1456887489927
1337836309497 1456931529927
1337845408497 1456941438927
1337846419497 1456942539927
1337854507497 1456951347927
1337855518497 1456952448927
1337856529497 1456953549927
1337863606497 1456961256927
1337864617497 1456962357927
1337865628497 1456963458927
1337866639497 1456964559927
1337872705497 1456971165927
1337873716497 1456972266927
1337874727497 1456973367927
1337875738497 1456974468927
1337876749497 1456975569927
1337881804497 1456981074927
1337882815497 1456982175927
1337883826497 1456983276927
1337884837497 1456984377927
1337885848497 1456985478927
1337886859497 1456986579927
1337891914497 1456992084927
1337892925497 1456993185927
1337893936497 1456994286927
1337894947497 1456995387927
1337895958497 1456996488927
1337896969497 1456997589927
1338080627497 1458639040927
1338171528497 1458738131927
1338262429497 1458837222927
1338362029497 1457504049927
1338372139497 1457515059927
1338382249497 1457526069927
1338392359497 1457537079927
1338452008497 1457602038927
1338453019497 1457603139927
1338462118497 1457613048927
1338463129497 1457614149927
1338472228497 1457624058927
1338473239497 1457625159927
1338482338497 1457635068927
1338483349497 1457636169927
1338492448497 1457646078927
1338493459497 1457647179927
1338544009497 1457702229927
1338553108497 1457712138927
1338554119497 1457713239927
1338562207497 1457722047927
1338563218497 1457723148927
1338564229497 1457724249927
1338572317497 1457733057927
1338573328497 1457734158927
1338574339497 1457735259927
1338582427497 1457744067927
1338583438497 1457745168927
1338584449497 1457746269927
1338592537497 1457755077927
1338593548497 1457756178927
1338594559497 1457757279927
1338597491497 1456698508927
1338645109497 1457812329927
1338654208497 1457822238927
1338655219497 1457823339927
1338663307497 1457832147927
1338664318497 1457833248927
1338665329497 1457834349927
1338672406497 1457842056927
1338673417497 1457843157927
1338674428497 1457844258927
1338675439497 1457845359927
1338682516497 1457853066927
1338683527497 1457854167927
1338684538497 1457855268927
1338685549497 1457856369927
1338692626497 1457864076927
1338693637497 1457865177927
1338694648497 1457866278927
1338695659497 1457867379927
1338746209497 1457922429927
1338755308497 1457932338927
1338756319497 1457933439927
1338764407497 1457942247927
1338765418497 1457943348927
1338766429497 1457944449927
1338773506497 1457952156927
1338774517497 1457953257927
1338775528497 1457954358927
1338776539497 1457955459927
1338782605497 1457962065927
1338783616497 1457963166927
1338784627497 1457964267927
1338785638497 1457965368927
1338786649497 1457966469927
1338792715497 1457973075927
1338793726497 1457974176927
1338794737497 1457975277927
1338795748497 1457976378927
1338796759497 1457977479927
1339080538497 1459729041927
1339171439497 1459828132927
1339373029497 1458605049927
1339383139497 1458616059927
1339393249497 1458627069927
1339463008497 1458703038927
1339464019497 1458704139927
1339473118497 1458714048927
1339474129497 1458715149927
1339483228497 1458725058927
1339484239497 1458726159927
1339493338497 1458736068927
1339494349497 1458737169927
1339555009497 1458803229927
1339564108497 1458813138927
1339565119497 1458814239927
1339573207497 1458823047927
1339574218497 1458824148927
1339575229497 1458825249927
1339583317497 1458834057927
1339584328497 1458835158927
1339585339497 1458836259927
1339593427497 1458845067927
1339594438497 1458846168927
1339595449497 1458847269927
1339656109497 1458913329927
1339665208497 1458923238927
1339666219497 1458924339927
1339674307497 1458933147927
1339675318497 1458934248927
1339676329497 1458935349927
1339683406497 1458943056927
1339684417497 1458944157927
1339685428497 1458945258927
1339686439497 1458946359927
1339693516497 1458954066927
1339694527497 1458955167927
1339695538497 1458956268927
1339696549497 1458957369927
1340448142797 1473006694527
1340458153797 1473017695527
1340468164797 1473028696527
1340478175797 1473039697527
1341359143797 1474007785527
1341369154797 1474018786527
1341379165797 1474029787527
1341449242797 1474106794527
1341459253797 1474117795527
1341469264797 1474128796527
1341479275797 1474139797527
1344660140797 1476320069527
1344761250797 1476431079527
1344862360797 1476542089527
1344952847797 1477983449527
1344963470797 1476653099527
1345271479797 1479797134527
1345668806797 1478623988527
1345671240797 1477430169527
1345772350797 1477541179527
1345873460797 1477652189527
1345974570797 1477763199527
1346527014797 1479701346527
1346578805797 1479623897527
1346679916797 1479734998527
1346682340797 1478540269527
1346783450797 1478651279527
1346884560797 1478762289527
1346985670797 1478873299527
1347693440797 1479650369527
1347794550797 1479761379527
1347895660797 1479872389527
1347996770797 1479983399527
1352224823097 1474057600527
1352940245097 1473380029527
1352950355097 1473391039527
1353133833097 1475048510527
1353224734097 1475147601527
1353941135097 1474470019527
1353951245097 1474481029527
1353961355097 1474492039527
1354042843097 1476039420527
1354133744097 1476138511527
1354224645097 1476237602527
1354942025097 1475560009527
1354952135097 1475571019527
1354962245097 1475582029527
1354972355097 1475593039527
1355042754097 1477129421527
1355133655097 1477228512527
1355224556097 1477327603527
1355953025097 1476661009527
1355963135097 1476672019527
1355973245097 1476683029527
1355983355097 1476694039527
1356042665097 1478219422527
1356133566097 1478318513527
1356224467097 1478417604527
1356964025097 1477762009527
1356974135097 1477773019527
1356984245097 1477784029527
1356994355097 1477795039527
1357042576097 1479309423527
1357133477097 1479408514527
1357224378097 1479507605527
1357975025097 1478863009527
1357985135097 1478874019527
1357995245097 1478885029527
1358986025097 1479964009527
1358996135097 1479975019527
1360486160397 1495026296127
1360496171397 1495037297127
1361271497397 1497397136127
1361387150397 1496016386127
1361397161397 1496027387127
1361487260397 1496126396127
1361497271397 1496137397127
1362288140397 1497006476127
1362298151397 1497017477127
1362388250397 1497116486127
1362398261397 1497127487127
1362488360397 1497226496127
1362498371397 1497237497127
1362523906397 1485284610827
1362614807397 1485383701827
1363199141397 1498007567127
1363289240397 1498106576127
1363299251397 1498117577127
1363389350397 1498216586127
1363399361397 1498227587127
1363432916397 1486275520827
1363489460397 1498326596127
1363499471397 1498337597127
1363523817397 1486374611827
1363614718397 1486473702827
1363950338397 1485370249827
1363960448397 1485381259827
1363970558397 1485392269827
1364341926397 1487266430827
1364432827397 1487365521827
1364523728397 1487464612827
1364614629397 1487563703827
1364850128397 1486350139827
1364860238397 1486361149827
1364870348397 1486372159827
1364880458397 1486383169827
1364890568397 1486394179827
1364951228397 1486460239827
1364960327397 1486470148827
1364961338397 1486471249827
1364970437397 1486481158827
1364971448397 1486482259827
1364980547397 1486492168827
1364981558397 1486493269827
1365250936397 1488257340827
1365341837397 1488356431827
1365432738397 1488455522827
1365523639397 1488554613827
1365760028397 1487341039827
1365770138397 1487352049827
1365780248397 1487363059827
1365790358397 1487374069827
1365851018397 1487440129827
1365860117397 1487450038827
1365861128397 1487451139827
1365870227397 1487461048827
1365871238397 1487462149827
1365880337397 1487472058827
1365881348397 1487473159827
1365890447397 1487483068827
1365891458397 1487484169827
1365952118397 1487550229827
1365961217397 1487560138827
1365962228397 1487561239827
1365970316397 1487570047827
1365971327397 1487571148827
1365972338397 1487572249827
1365980426397 1487581057827
1365981437397 1487582158827
1365982448397 1487583259827
1365990536397 1487592067827
1365991547397 1487593168827
1365992558397 1487594269827
1366250847397 1489347341827
1366341748397 1489446432827
1366432649397 1489545523827
1366771028397 1488442039827
1366781138397 1488453049827
1366791248397 1488464059827
1366861007397 1488540028827
1366862018397 1488541129827
1366871117397 1488551038827
1366872128397 1488552139827
1366881227397 1488562048827
1366882238397 1488563149827
1366891337397 1488573058827
1366892348397 1488574159827
1366953008397 1488640219827
1366962107397 1488650128827
1366963118397 1488651229827
1366971206397 1488660037827
1366972217397 1488661138827
1366973228397 1488662239827
1366981316397 1488671047827
1366982327397 1488672148827
1366983338397 1488673249827
1366991426397 1488682057827
1366992437397 1488683158827
1366993448397 1488684259827
1367782028397 1489543039827
1367792138397 1489554049827
1367872007397 1489641028827
1367873018397 1489642129827
1367882117397 1489652038827
1367883128397 1489653139827
1367892227397 1489663048827
1367893238397 1489664149827
1367964008397 1489741219827
1367973107397 1489751128827
1367974118397 1489752229827
1367982206397 1489761037827
1367983217397 1489762138827
1367984228397 1489763239827
1367992316397 1489772047827
1367993327397 1489773148827
1367994338397 1489774249827
1386013702997 1398613700297
1386112703997 1398713601297
1386211704997 1398813502297
1386310705997 1398913403297
1387003712997 1399612710297
1387102713997 1399712611297
1387201714997 1399812512297
1387300715997 1399912413297
1396028127297 1397171370297
1401295438427 1402543981427
1410169412727 1424128680027
1410194152727 1424281850027
1410284243727 1424372841027
1410374334727 1424463832027
1410464425727 1424554823027
1410554516727 1424645814027
1410644607727 1424736805027
1411095062727 1425191760027
1411169513727 1425138681027
1411185153727 1425282751027
1411275244727 1425373742027
1411326701727 1424015826027
1411365335727 1425464733027
1411426802727 1424116827027
1411455426727 1425555724027
1411526903727 1424217828027
1411545517727 1425646715027
1411635608727 1425737706027
1412086063727 1426192661027
1412169614727 1426148682027
1412176154727 1426283652027
1412266245727 1426374643027
1412327711727 1425025836027
1412356336727 1426465634027
1412427812727 1425126837027
1412446427727 1426556625027
1412527913727 1425227838027
1412536518727 1426647616027
1412626609727 1426738607027
1413077064727 1427193562027
1413140169727 1428683140027
1413167155727 1427284553027
1413169715727 1427158683027
1413257246727 1427375544027
1413328721727 1426035846027
1413347337727 1427466535027
1413428822727 1426136847027
1413437428727 1427557526027
1413527519727 1427648517027
1413528923727 1426237848027
1414068065727 1428194463027
1414158156727 1428285454027
1414169816727 1428168684027
1414248247727 1428376445027
1414329731727 1427045856027
1414338338727 1428467436027
1414428429727 1428558427027
1414429832727 1427146857027
1414529933727 1427247858027
1415059066727 1429195364027
1415149157727 1429286355027
1415169917727 1429178685027
1415239248727 1429377346027
1415329339727 1429468337027
1451293666927 1465791944227
1451383757927 1465882935227
1451473848927 1465973926227
1452284667927 1466792845227
1452374758927 1466883836227
1452464849927 1466974827227
1453275668927 1467793746227
1453365759927 1467884737227
1454266669927 1468794647227
1481194869827 1495991857127
1511594275957 1526694950257
1511684366957 1526785941257
1511774457957 1526876932257
1511864548957 1526967923257
1512585276957 1527695851257
1512675367957 1527786842257
1512765458957 1527877833257
1512855549957 1527968824257
1513576277957 1528696752257
1513666368957 1528787743257
1513756459957 1528878734257
1514513040957 1528281202257
1514567278957 1529697653257
1514612041957 1528381103257
1514657369957 1529788644257
1514711042957 1528481004257
1515503050957 1529280212257
1515602051957 1529380113257
1515701052957 1529480014257
1540594568857 1555984953157
1541475490857 1554074849157
1541495478857 1556894863157
1541585569857 1556985854157
1542486479857 1557895764157
1543213430857 1557242502157
1543312431857 1557342403157
1543411432857 1557442304157
1543510433857 1557542205157
1544203440857 1558241512157
1544302441857 1558341413157
1544401442857 1558441314157
1544500443857 1558541215157
1572012821757 1586303703057
1572111822757 1586403604057
1572210823757 1586503505057
1573002831757 1587302713057
1573101832757 1587402614057
1573200833757 1587502515057
1600187701287 1760028870117
1600188602287 1760029861117
1600196711287 1760038780117
1600197612287 1760039771117
1600277801287 1760127970117
1600278702287 1760128961117
1600279603287 1760129952117
1600286811287 1760137880117
1600287712287 1760138871117
1600288613287 1760139862117
1600295821287 1760147790117
1600296722287 1760148781117
1600297623287 1760149772117
1600376911287 1760236980117
1600377812287 1760237971117
1600378713287 1760238962117
1600379614287 1760239953117
1600385921287 1760246890117
1600386822287 1760247881117
1600387723287 1760248872117
1600388624287 1760249863117
1600395832287 1760257791117
1600396733287 1760258782117
1600397634287 1760259773117
1600476922287 1760346981117
1600477823287 1760347972117
1600478724287 1760348963117
1600479625287 1760349954117
1600485932287 1760356891117
1600486833287 1760357882117
1600487734287 1760358873117
1600488635287 1760359864117
1600495843287 1760367792117
1600496744287 1760368783117
1600497645287 1760369774117
1600576933287 1760456982117
1600577834287 1760457973117
1600578735287 1760458964117
1600579636287 1760459955117
1600585943287 1760466892117
1600586844287 1760467883117
1600587745287 1760468874117
1600588646287 1760469865117
1600595854287 1760477793117
1600596755287 1760478784117
1600597656287 1760479775117
1600676944287 1760566983117
1600677845287 1760567974117
1600678746287 1760568965117
1600679647287 1760569956117
1600685954287 1760576893117
1600686855287 1760577884117
1600687756287 1760578875117
1600688657287 1760579866117
1600695865287 1760587794117
1600696766287 1760588785117
1600697667287 1760589776117
1600776955287 1760676984117
1600777856287 1760677975117
1600778757287 1760678966117
1600779658287 1760679957117
1600785965287 1760686894117
1600786866287 1760687885117
1600787767287 1760688876117
1600788668287 1760689867117
1600795876287 1760697795117
1600796777287 1760698786117
1600797678287 1760699777117
1600876966287 1760786985117
1600877867287 1760787976117
1600878768287 1760788967117
1600879669287 1760789958117
1600885976287 1760796895117
1600886877287 1760797886117
1600887778287 1760798877117
1600888679287 1760799868117
1600976977287 1760896986117
1600977878287 1760897977117
1600978779287 1760898968117
1601088701287 1761019870117
1601097711287 1761029780117
1601171761287 1761287160117
1601178801287 1761118970117
1601179702287 1761119961117
1601187811287 1761128880117
1601188712287 1761129871117
1601196821287 1761138790117
1601197722287 1761139781117
1601277911287 1761227980117
1601278812287 1761228971117
1601279713287 1761229962117
1601286921287 1761237890117
1601287822287 1761238881117
1601288723287 1761239872117
1601296832287 1761248791117
1601297733287 1761249782117
1601377922287 1761337981117
1601378823287 1761338972117
1601379724287 1761339963117
1601386932287 1761347891117
1601387833287 1761348882117
1601388734287 1761349873117
1601396843287 1761358792117
1601397744287 1761359783117
1601477933287 1761447982117
1601478834287 1761448973117
1601479735287 1761449964117
1601486943287 1761457892117
1601487844287 1761458883117
1601488745287 1761459874117
1601496854287 1761468793117
1601497755287 1761469784117
1601577944287 1761557983117
1601578845287 1761558974117
1601579746287 1761559965117
1601586954287 1761567893117
1601587855287 1761568884117
1601588756287 1761569875117
1601596865287 1761578794117
1601597766287 1761579785117
1601651050287 1760040276117
1601661061287 1760051277117
1601671072287 1760062278117
1601677955287 1761667984117
1601678856287 1761668975117
1601679757287 1761669966117
1601681083287 1760073279117
1601686965287 1761677894117
1601687866287 1761678885117
1601688767287 1761679876117
1601696876287 1761688795117
1601697777287 1761689786117
1601751160287 1760150286117
1601761171287 1760161287117
1601771182287 1760172288117
1601771871287 1760187287117
1601777966287 1761777985117
1601778867287 1761778976117
1601779768287 1761779967117
1601781193287 1760183289117
1601786976287 1761787895117
1601787877287 1761788886117
1601788778287 1761789877117
1601796887287 1761798796117
1601797788287 1761799787117
1601851270287 1760260296117
1601861281287 1760271297117
1601871292287 1760282298117
1601877977287 1761887986117
1601878878287 1761888977117
1601879779287 1761889968117
1601886987287 1761897896117
1601887888287 1761898887117
1601888789287 1761899878117
1601977988287 1761997987117
1601978889287 1761998978117
1602079801287 1762109970117
1602088811287 1762119880117
1602097821287 1762129790117
1602178911287 1762218980117
1602179812287 1762219971117
1602187921287 1762228890117
1602188822287 1762229881117
1602197832287 1762239791117
1602278922287 1762328981117
1602279823287 1762329972117
1602287932287 1762338891117
1602288833287 1762339882117
1602297843287 1762349792117
1602378933287 1762438982117
1602379834287 1762439973117
1602387943287 1762448892117
1602388844287 1762449883117
1602397854287 1762459793117
1602478944287 1762548983117
1602479845287 1762549974117
1602487954287 1762558893117
1602488855287 1762559884117
1602497865287 1762569794117
1602552040287 1761030366117
1602562051287 1761041367117
1602572062287 1761052368117
1602578955287 1762658984117
1602579856287 1762659975117
1602582073287 1761063369117
1602587965287 1762668894117
1602588866287 1762669885117
1602597876287 1762679795117
1602652150287 1761140376117
1602662161287 1761151377117
1602672172287 1761162378117
1602678966287 1762768985117
1602679867287 1762769976117
1602682183287 1761173379117
1602687976287 1762778895117
1602688877287 1762779886117
1602697887287 1762789796117
1602752260287 1761250386117
1602762271287 1761261387117
1602772282287 1761272388117
1602778977287 1762878986117
1602779878287 1762879977117
1602782293287 1761283389117
1602787987287 1762888896117
1602788888287 1762889887117
1602797898287 1762899797117
1602852370287 1761360396117
1602862381287 1761371397117
1602872392287 1761382398117
1602878988287 1762988987117
1602879889287 1762989978117
1602887998287 1762998897117
1602888899287 1762999888117
1603079911287 1763209980117
1603088921287 1763219890117
1603179922287 1763319981117
1603188932287 1763329891117
1603279933287 1763429982117
1603288943287 1763439892117
1603379944287 1763539983117
1603388954287 1763549893117
1603453030287 1762020456117
1603463041287 1762031457117
1603473052287 1762042458117
1603479955287 1763649984117
1603483063287 1762053459117
1603488965287 1763659894117
1603553140287 1762130466117
1603563151287 1762141467117
1603573162287 1762152468117
1603579966287 1763759985117
1603583173287 1762163469117
1603588976287 1763769895117
1603653250287 1762240476117
1603663261287 1762251477117
1603673272287 1762262478117
1603679977287 1763869986117
1603683283287 1762273479117
1603688987287 1763879896117
1603753360287 1762350486117
1603763371287 1762361487117
1603773382287 1762372488117
1603779988287 1763979987117
1603783393287 1762383489117
1603788998287 1763989897117
1603853470287 1762460496117
1603863481287 1762471497117
1603873492287 1762482498117
1604354020287 1763010546117
1604364031287 1763021547117
1604374042287 1763032548117
1604384053287 1763043549117
1604454130287 1763120556117
1604464141287 1763131557117
1604474152287 1763142558117
1604484163287 1763153559117
1604554240287 1763230566117
1604564251287 1763241567117
1604574262287 1763252568117
1604584273287 1763263569117
1604654350287 1763340576117
1604664361287 1763351577117
1604674372287 1763362578117
1604684383287 1763373579117
1604754460287 1763450586117
1604764471287 1763461587117
1604774482287 1763472588117
1604784493287 1763483589117
1604854570287 1763560596117
1604864581287 1763571597117
1604874592287 1763582598117
1605255010287 1764000636117
1605265021287 1764011637117
1605275032287 1764022638117
1605285043287 1764033639117
1605355120287 1764110646117
1605365131287 1764121647117
1605375142287 1764132648117
1605385153287 1764143649117
1605455230287 1764220656117
1605465241287 1764231657117
1605475252287 1764242658117
1605485263287 1764253659117
1605555340287 1764330666117
1605565351287 1764341667117
1605575362287 1764352668117
1605585373287 1764363669117
1605655450287 1764440676117
1605665461287 1764451677117
1605675472287 1764462678117
1605685483287 1764473679117
1605755560287 1764550686117
1605765571287 1764561687117
1605775582287 1764572688117
1605785593287 1764583689117
1605855670287 1764660696117
1605865681287 1764671697117
1605875692287 1764682698117
1606086718287 1750618781817
1606166011287 1765001727117
1606176022287 1765012728117
1606186033287 1765023729117
1606187729287 1750728882817
1606256110287 1765100736117
1606266121287 1765111737117
1606276132287 1765122738117
1606286143287 1765133739117
1606356220287 1765210746117
1606366231287 1765221747117
1606376242287 1765232748117
1606386253287 1765243749117
1606456330287 1765320756117
1606466341287 1765331757117
1606476352287 1765342758117
1606486363287 1765353759117
1606556440287 1765430766117
1606566451287 1765441767117
1606576462287 1765452768117
1606586473287 1765463769117
1606656550287 1765540776117
1606666561287 1765551777117
1606676572287 1765562778117
1606686583287 1765573779117
1606756660287 1765650786117
1606766671287 1765661787117
1606776682287 1765672788117
1606786693287 1765683789117
1606856770287 1765760796117
1606866781287 1765771797117
1606876792287 1765782798117
1607077012287 1766002818117
1607087023287 1766013819117
1607096828287 1751719791817
1607167111287 1766101827117
1607177122287 1766112828117
1607187133287 1766123829117
1607197839287 1751829892817
1607257210287 1766200836117
1607267221287 1766211837117
1607277232287 1766222838117
1607287243287 1766233839117
1607357320287 1766310846117
1607367331287 1766321847117
1607377342287 1766332848117
1607387353287 1766343849117
1607410249287 1750503149817
1607420359287 1750514159817
1607430469287 1750525169817
1607440579287 1750536179817
1607450689287 1750547189817
1607457430287 1766420856117
1607460799287 1750558199817
1607467441287 1766431857117
1607477452287 1766442858117
1607487463287 1766453859117
1607500228287 1750601138817
1607501239287 1750602239817
1607510338287 1750612148817
1607511349287 1750613249817
1607520448287 1750623158817
1607521459287 1750624259817
1607530558287 1750634168817
1607531569287 1750635269817
1607540668287 1750645178817
1607541679287 1750646279817
1607550778287 1750656188817
1607551789287 1750657289817
1607557540287 1766530866117
1607560888287 1750667198817
1607561899287 1750668299817
1607567551287 1766541867117
1607577562287 1766552868117
1607587573287 1766563869117
1607600317287 1750710137817
1607601328287 1750711238817
1607602339287 1750712339817
1607610427287 1750721147817
1607611438287 1750722248817
1607612449287 1750723349817
1607620537287 1750732157817
1607621548287 1750733258817
1607622559287 1750734359817
1607630647287 1750743167817
1607631658287 1750744268817
1607632669287 1750745369817
1607640757287 1750754177817
1607641768287 1750755278817
1607642779287 1750756379817
1607650867287 1750765187817
1607651878287 1750766288817
1607652889287 1750767389817
1607657650287 1766640876117
1607660977287 1750776197817
1607661988287 1750777298817
1607662999287 1750778399817
1607667661287 1766651877117
1607677672287 1766662878117
1607687683287 1766673879117
1607701417287 1750820237817
1607702428287 1750821338817
1607703439287 1750822439817
1607710516287 1750830146817
1607711527287 1750831247817
1607712538287 1750832348817
1607713549287 1750833449817
1607720626287 1750841156817
1607721637287 1750842257817
1607722648287 1750843358817
1607723659287 1750844459817
1607730736287 1750852166817
1607731747287 1750853267817
1607732758287 1750854368817
1607733769287 1750855469817
1607740846287 1750863176817
1607741857287 1750864277817
1607742868287 1750865378817
1607743879287 1750866479817
1607750956287 1750874186817
1607751967287 1750875287817
1607752978287 1750876388817
1607753989287 1750877489817
1607757760287 1766750886117
1607767771287 1766761887117
1607777782287 1766772888117
1607787793287 1766783889117
1607802517287 1750930337817
1607803528287 1750931438817
1607804539287 1750932539817
1607811616287 1750940246817
1607812627287 1750941347817
1607813638287 1750942448817
1607814649287 1750943549817
1607820715287 1750950155817
1607821726287 1750951256817
1607822737287 1750952357817
1607823748287 1750953458817
1607824759287 1750954559817
1607830825287 1750961165817
1607831836287 1750962266817
1607832847287 1750963367817
1607833858287 1750964468817
1607834869287 1750965569817
1607840935287 1750972175817
1607841946287 1750973276817
1607842957287 1750974377817
1607843968287 1750975478817
1607844979287 1750976579817
1607857870287 1766860896117
1607867881287 1766871897117
1607877892287 1766882898117
1608037508287 1752918501817
1608078112287 1767102918117
1608088123287 1767113919117
1608168211287 1767201927117
1608178222287 1767212928117
1608188233287 1767223929117
1608258310287 1767300936117
1608268321287 1767311937117
1608278332287 1767322938117
1608288343287 1767333939117
1608330259287 1751505059817
1608340369287 1751516069817
1608350479287 1751527079817
1608358420287 1767410946117
1608360589287 1751538089817
1608368431287 1767421947117
1608370699287 1751549099817
1608378442287 1767432948117
1608388453287 1767443949117
1608420238287 1751603048817
1608421249287 1751604149817
1608430348287 1751614058817
1608431359287 1751615159817
1608440458287 1751625068817
1608441469287 1751626169817
1608450568287 1751636078817
1608451579287 1751637179817
1608458530287 1767520956117
1608460678287 1751647088817
1608461689287 1751648189817
1608468541287 1767531957117
1608470788287 1751658098817
1608471799287 1751659199817
1608478552287 1767542958117
1608488563287 1767553959117
1608510217287 1751701037817
1608511228287 1751702138817
1608512239287 1751703239817
1608520327287 1751712047817
1608521338287 1751713148817
1608522349287 1751714249817
1608530437287 1751723057817
1608531448287 1751724158817
1608532459287 1751725259817
1608540547287 1751734067817
1608541558287 1751735168817
1608542569287 1751736269817
1608550657287 1751745077817
1608551668287 1751746178817
1608552679287 1751747279817
1608558640287 1767630966117
1608560767287 1751756087817
1608561778287 1751757188817
1608562789287 1751758289817
1608568651287 1767641967117
1608570877287 1751767097817
1608571888287 1751768198817
1608572899287 1751769299817
1608578662287 1767652968117
1608588673287 1767663969117
1608601207287 1751800127817
1608602218287 1751801228817
1608603229287 1751802329817
1608610306287 1751810036817
1608611317287 1751811137817
1608612328287 1751812238817
1608613339287 1751813339817
1608620416287 1751821046817
1608621427287 1751822147817
1608622438287 1751823248817
1608623449287 1751824349817
1608630526287 1751832056817
1608631537287 1751833157817
1608632548287 1751834258817
1608633559287 1751835359817
1608640636287 1751843066817
1608641647287 1751844167817
1608642658287 1751845268817
1608643669287 1751846369817
1608650746287 1751854076817
1608651757287 1751855177817
1608652768287 1751856278817
1608653779287 1751857379817
1608658750287 1767740976117
1608660856287 1751865086817
1608661867287 1751866187817
1608662878287 1751867288817
1608663889287 1751868389817
1608668761287 1767751977117
1608670966287 1751876096817
1608671977287 1751877197817
1608672988287 1751878298817
1608673999287 1751879399817
1608678772287 1767762978117
1608688783287 1767773979117
1608702307287 1751910227817
1608703318287 1751911328817
1608704329287 1751912429817
1608711406287 1751920136817
1608712417287 1751921237817
1608713428287 1751922338817
1608714439287 1751923439817
1608720505287 1751930045817
1608721516287 1751931146817
1608722527287 1751932247817
1608723538287 1751933348817
1608724549287 1751934449817
1608730615287 1751941055817
1608731626287 1751942156817
1608732637287 1751943257817
1608733648287 1751944358817
1608734659287 1751945459817
1608740725287 1751952065817
1608741736287 1751953166817
1608742747287 1751954267817
1608743758287 1751955368817
1608744769287 1751956469817
1608750835287 1751963075817
1608751846287 1751964176817
1608752857287 1751965277817
1608753868287 1751966378817
1608754879287 1751967479817
1608758860287 1767850986117
1608760945287 1751974085817
1608761956287 1751975186817
1608762967287 1751976287817
1608763978287 1751977388817
1608764989287 1751978489817
1608768871287 1767861987117
1608778882287 1767872988117
1608788893287 1767883989117
1608858970287 1767960996117
1608868981287 1767971997117
1608878992287 1767982998117
1609341259287 1752606059817
1609351369287 1752617069817
1609361479287 1752628079817
1609371589287 1752639089817
1609431238287 1752704048817
1609432249287 1752705149817
1609441348287 1752715058817
1609442359287 1752716159817
1609451458287 1752726068817
1609452469287 1752727169817
1609461568287 1752737078817
1609462579287 1752738179817
1609471678287 1752748088817
1609472689287 1752749189817
1609481788287 1752759098817
1609521217287 1752802037817
1609522228287 1752803138817
1609523239287 1752804239817
1609531327287 1752813047817
1609532338287 1752814148817
1609533349287 1752815249817
1609541437287 1752824057817
1609542448287 1752825158817
1609543459287 1752826259817
1609551547287 1752835067817
1609552558287 1752836168817
1609553569287 1752837269817
1609561657287 1752846077817
1609562668287 1752847178817
1609563679287 1752848279817
1609571767287 1752857087817
1609572778287 1752858188817
1609573789287 1752859289817
1609581877287 1752868097817
1609582888287 1752869198817
1609612207287 1752901127817
1609613218287 1752902228817
1609614229287 1752903329817
1609621306287 1752911036817
1609622317287 1752912137817
1609623328287 1752913238817
1609624339287 1752914339817
1609631416287 1752922046817
1609632427287 1752923147817
1609633438287 1752924248817
1609634449287 1752925349817
1609641526287 1752933056817
1609642537287 1752934157817
1609643548287 1752935258817
1609644559287 1752936359817
1609651636287 1752944066817
1609652647287 1752945167817
1609653658287 1752946268817
1609654669287 1752947369817
1609661746287 1752955076817
1609662757287 1752956177817
1609663768287 1752957278817
1609664779287 1752958379817
1609671856287 1752966086817
1609672867287 1752967187817
1609673878287 1752968288817
1609674889287 1752969389817
1609681966287 1752977096817
1609682977287 1752978197817
1609683988287 1752979298817
1610734030587 1770021483417
1610744041587 1770032484417
1610754052587 1770043485417
1610764063587 1770054486417
1610774074587 1770065487417
1610784085587 1770076488417
1610794096587 1770087489417
1610834140587 1770131493417
1610844151587 1770142494417
1610854162587 1770153495417
1610864173587 1770164496417
1610874184587 1770175497417
1610884195587 1770186498417
1611635020587 1771011573417
1611645031587 1771022574417
1611655042587 1771033575417
1611665053587 1771044576417
1611675064587 1771055577417
1611685075587 1771066578417
1611695086587 1771077579417
1611735130587 1771121583417
1611745141587 1771132584417
1611755152587 1771143585417
1611765163587 1771154586417
1611775174587 1771165587417
1611785185587 1771176588417
1611795196587 1771187589417
1611835240587 1771231593417
1611845251587 1771242594417
1611855262587 1771253595417
1611865273587 1771264596417
1611875284587 1771275597417
1611885295587 1771286598417
1612536010587 1772001663417
1612546021587 1772012664417
1612556032587 1772023665417
1612566043587 1772034666417
1612576054587 1772045667417
1612586065587 1772056668417
1612596076587 1772067669417
1612636120587 1772111673417
1612646131587 1772122674417
1612656142587 1772133675417
1612666153587 1772144676417
1612676164587 1772155677417
1612686175587 1772166678417
1612696186587 1772177679417
1612736230587 1772221683417
1612746241587 1772232684417
1612756252587 1772243685417
1612766263587 1772254686417
1612776274587 1772265687417
1612786285587 1772276688417
1612796296587 1772287689417
1612836340587 1772331693417
1612846351587 1772342694417
1612856362587 1772353695417
1612866373587 1772364696417
1612876384587 1772375697417
1612886395587 1772386698417
1613447011587 1773002754417
1613457022587 1773013755417
1613467033587 1773024756417
1613477044587 1773035757417
1613487055587 1773046758417
1613497066587 1773057759417
1613537110587 1773101763417
1613547121587 1773112764417
1613557132587 1773123765417
1613567143587 1773134766417
1613577154587 1773145767417
1613587165587 1773156768417
1613597176587 1773167769417
1613637220587 1773211773417
1613647231587 1773222774417
1613657242587 1773233775417
1613667253587 1773244776417
1613677264587 1773255777417
1613687275587 1773266778417
1613697286587 1773277779417
1613737330587 1773321783417
1613747341587 1773332784417
1613757352587 1773343785417
1613767363587 1773354786417
1613777374587 1773365787417
1613787385587 1773376788417
1613797396587 1773387789417
1613837440587 1773431793417
1613847451587 1773442794417
1613857462587 1773453795417
1613867473587 1773464796417
1613877484587 1773475797417
1613887495587 1773486798417
1614171775587 1775587161417
1614358012587 1774003845417
1614368023587 1774014846417
1614378034587 1774025847417
1614388045587 1774036848417
1614398056587 1774047849417
1614448111587 1774102854417
1614458122587 1774113855417
1614468133587 1774124856417
1614478144587 1774135857417
1614488155587 1774146858417
1614498166587 1774157859417
1614538210587 1774201863417
1614548221587 1774212864417
1614558232587 1774223865417
1614568243587 1774234866417
1614578254587 1774245867417
1614588265587 1774256868417
1614598276587 1774267869417
1614638320587 1774311873417
1614648331587 1774322874417
1614658342587 1774333875417
1614668353587 1774344876417
1614678364587 1774355877417
1614688375587 1774366878417
1614698386587 1774377879417
1614738430587 1774421883417
1614748441587 1774432884417
1614758452587 1774443885417
1614768463587 1774454886417
1614778474587 1774465887417
1614788485587 1774476888417
1614798496587 1774487889417
1614838540587 1774531893417
1614848551587 1774542894417
1614858562587 1774553895417
1614868573587 1774564896417
1614878584587 1774575897417
1614888595587 1774586898417
1615269013587 1775004936417
1615279024587 1775015937417
1615289035587 1775026938417
1615299046587 1775037939417
1615359112587 1775103945417
1615369123587 1775114946417
1615379134587 1775125947417
1615389145587 1775136948417
1615399156587 1775147949417
1615449211587 1775202954417
1615459222587 1775213955417
1615469233587 1775224956417
1615479244587 1775235957417
1615489255587 1775246958417
1615499266587 1775257959417
1615539310587 1775301963417
1615549321587 1775312964417
1615559332587 1775323965417
1615569343587 1775334966417
1615579354587 1775345967417
1615589365587 1775356968417
1615599376587 1775367969417
1615639420587 1775411973417
1615649431587 1775422974417
1615659442587 1775433975417
1615669453587 1775444976417
1615679464587 1775455977417
1615689475587 1775466978417
1615699486587 1775477979417
1615739530587 1775521983417
1615749541587 1775532984417
1615759552587 1775543985417
1615769563587 1775554986417
1615779574587 1775565987417
1615789585587 1775576988417
1615799596587 1775587989417
1615839640587 1775631993417
1615849651587 1775642994417
1615859662587 1775653995417
1615869673587 1775664996417
1615879684587 1775675997417
1615889695587 1775686998417
1618859606587 1778806669417
1619769605587 1779806578417
1620007829887 1799826701017
1620079971887 1798268970017
1620088972887 1798278961017
1620097973887 1798288952017
1620169981887 1798368880017
1620178982887 1798378871017
1620187983887 1798388862017
1620196984887 1798398853017
1620259991887 1798468790017
1620268992887 1798478781017
1620277993887 1798488772017
1620286994887 1798498763017
1620728011887 1781003781717
1620738022887 1781014782717
1620748033887 1781025783717
1620758044887 1781036784717
1620768055887 1781047785717
1620778066887 1781058786717
1620788077887 1781069787717
1620818110887 1781102790717
1620828121887 1781113791717
1620838132887 1781124792717
1620848143887 1781135793717
1620858154887 1781146794717
1620868165887 1781157795717
1620878176887 1781168796717
1620888187887 1781179797717
1620889801887 1797208987017
1620989912887 1797319988017
1621639012887 1782004872717
1621649023887 1782015873717
1621659034887 1782026874717
1621669045887 1782037875717
1621679056887 1782048876717
1621689067887 1782059877717
1621729111887 1782103881717
1621739122887 1782114882717
1621749133887 1782125883717
1621759144887 1782136884717
1621769155887 1782147885717
1621779166887 1782158886717
1621789177887 1782169887717
1621796289887 1637997871187
1621819210887 1782202890717
1621829221887 1782213891717
1621839232887 1782224892717
1621849243887 1782235893717
1621859254887 1782246894717
1621869265887 1782257895717
1621879276887 1782268896717
1621889287887 1782279897717
1622516201887 1637266200187
1622615202887 1637366101187
1622714203887 1637466002187
1623506211887 1638265210187
1623605212887 1638365111187
1623704213887 1638465012187
1625960192887 1785163099717
1626107187887 1788862610717
1626268170887 1787252780717
1626860071887 1786151088717
1626870182887 1786162189717
1626877708887 1787616978717
1626961181887 1786262098717
1626971292887 1786273199717
1627106198887 1789961611717
1627171789887 1789887162717
1627717017887 1788701627717
1627770061887 1787150178717
1627780172887 1787161279717
1627787707887 1788616887717
1627861060887 1787250087717
1627871171887 1787261188717
1627871878887 1788886278717
1627881282887 1787272289717
1627888818887 1788727988717
1627962170887 1787361097717
1627972281887 1787372198717
1627982392887 1787383299717
1628690162887 1788160369717
1628697706887 1789616796717
1628781161887 1788260278717
1628791272887 1788271379717
1628798817887 1789727897717
1628872160887 1788360187717
1628882271887 1788371288717
1628892382887 1788382389717
1628899928887 1789838998717
1628973270887 1788471197717
1628983381887 1788482298717
1628993492887 1788493399717
1629792261887 1789370378717
1629883260887 1789470287717
1629893371887 1789481388717
1629984370887 1789581297717
1629994481887 1789592398717
1630171793187 1793187163017
1630199921187 1793038981017
1630299932187 1793148982017
1630399943187 1793258983017
1630499954187 1793368984017
1630599965187 1793478985017
1630699976187 1793588986017
1630792070187 1792063087017
1630799987187 1793698987017
1630892180187 1792173097017
1631693060187 1793053177017
1631793170187 1793163187017
1631893280187 1793273197017
1632594050187 1794043267017
1632694160187 1794153277017
1632794270187 1794263287017
1632894380187 1794373297017
1633495040187 1795033357017
1633595150187 1795143367017
1633695260187 1795253377017
1633795370187 1795363387017
1633895480187 1795473397017
1634207906187 1781446800717
1634396030187 1796023447017
1634496140187 1796133457017
1634596250187 1796243467017
1634696360187 1796353477017
1634796470187 1796463487017
1634896580187 1796573497017
1635116916187 1782437710717
1635207817187 1782536801717
1635297020187 1797013537017
1635397130187 1797123547017
1635497240187 1797233557017
1635597350187 1797343567017
1635697460187 1797453577017
1635797570187 1797563587017
1635897680187 1797673597017
1635910238187 1781540229717
1635920348187 1781551239717
1635930458187 1781562249717
1635940568187 1781573259717
1635950678187 1781584269717
1635960788187 1781595279717
1636025926187 1783428620717
1636116827187 1783527711717
1636198010187 1798003627017
1636207728187 1783626802717
1636278906187 1783527970717
1636298120187 1798113637017
1636398230187 1798223647017
1636498340187 1798333657017
1636598450187 1798443667017
1636698560187 1798553677017
1636798670187 1798663687017
1636810028187 1782520119717
1636820138187 1782531129717
1636830248187 1782542139717
1636840358187 1782553149717
1636850468187 1782564159717
1636860578187 1782575169717
1636870688187 1782586179717
1636880798187 1782597189717
1636898780187 1798773697017
1636911128187 1782630219717
1636920227187 1782640128717
1636921238187 1782641229717
1636930337187 1782651138717
1636931348187 1782652239717
1636940447187 1782662148717
1636941458187 1782663249717
1636950557187 1782673158717
1636951568187 1782674259717
1636960667187 1782684168717
1636961678187 1782685269717
1636970777187 1782695178717
1636971788187 1782696279717
1637025837187 1784518621717
1637116738187 1784617712717
1637199110187 1799103727017
1637207639187 1784716803717
1637299220187 1799213737017
1637399330187 1799323747017
1637499440187 1799433757017
1637599550187 1799543767017
1637699660187 1799653777017
1637730038187 1783522029717
1637740148187 1783533039717
1637750258187 1783544049717
1637760368187 1783555059717
1637770478187 1783566069717
1637780588187 1783577079717
1637790698187 1783588089717
1637799770187 1799763787017
1637820017187 1783620018717
1637821028187 1783621119717
1637830127187 1783631028717
1637831138187 1783632129717
1637840237187 1783642038717
1637841248187 1783643139717
1637850347187 1783653048717
1637851358187 1783654149717
1637860457187 1783664058717
1637861468187 1783665159717
1637870567187 1783675068717
1637871578187 1783676169717
1637880677187 1783686078717
1637881688187 1783687179717
1637890787187 1783697088717
1637891798187 1783698189717
1637899880187 1799873797017
1637912018187 1783720209717
1637921117187 1783730118717
1637922128187 1783731219717
1637930216187 1783740027717
1637931227187 1783741128717
1637932238187 1783742229717
1637940326187 1783751037717
1637941337187 1783752138717
1637942348187 1783753239717
1637950436187 1783762047717
1637951447187 1783763148717
1637952458187 1783764249717
1637960546187 1783773057717
1637961557187 1783774158717
1637962568187 1783775259717
1637970656187 1783784067717
1637971667187 1783785168717
1637972678187 1783786269717
1637980766187 1783795077717
1637981777187 1783796178717
1637982788187 1783797279717
1638025748187 1785608622717
1638116649187 1785707713717
1638741038187 1784623029717
1638751148187 1784634039717
1638761258187 1784645049717
1638771368187 1784656059717
1638781478187 1784667069717
1638791588187 1784678079717
1638831017187 1784721018717
1638832028187 1784722119717
1638841127187 1784732028717
1638842138187 1784733129717
1638851237187 1784743038717
1638852248187 1784744139717
1638861347187 1784754048717
1638862358187 1784755149717
1638871457187 1784765058717
1638872468187 1784766159717
1638881567187 1784776068717
1638882578187 1784777169717
1638891677187 1784787078717
1638892688187 1784788179717
1638922007187 1784820108717
1638923018187 1784821209717
1638931106187 1784830017717
1638932117187 1784831118717
1638933128187 1784832219717
1638941216187 1784841027717
1638942227187 1784842128717
1638943238187 1784843229717
1638951326187 1784852037717
1638952337187 1784853138717
1638953348187 1784854239717
1638961436187 1784863047717
1638962447187 1784864148717
1638963458187 1784865249717
1638971546187 1784874057717
1638972557187 1784875158717
1638973568187 1784876259717
1638981656187 1784885067717
1638982667187 1784886168717
1638983678187 1784887269717
1638991766187 1784896077717
1638992777187 1784897178717
1638993788187 1784898279717
1639752038187 1785724029717
1639762148187 1785735039717
1639772258187 1785746049717
1639782368187 1785757059717
1639792478187 1785768069717
1639842017187 1785822018717
1639843028187 1785823119717
1639852127187 1785833028717
1639853138187 1785834129717
1639862237187 1785844038717
1639863248187 1785845139717
1639872347187 1785855048717
1639873358187 1785856149717
1639882457187 1785866058717
1639883468187 1785867159717
1639892567187 1785877068717
1639893578187 1785878169717
1639933007187 1785921108717
1639934018187 1785922209717
1639942106187 1785931017717
1639943117187 1785932118717
1639944128187 1785933219717
1639952216187 1785942027717
1639953227187 1785943128717
1639954238187 1785944229717
1639962326187 1785953037717
1639963337187 1785954138717
1639964348187 1785955239717
1639972436187 1785964047717
1639973447187 1785965148717
1639974458187 1785966249717
1639982546187 1785975057717
1639983557187 1785976158717
1639984568187 1785977259717
1639992656187 1785986067717
1639993667187 1785987168717
1639994678187 1785988269717
1650554750787 1664045676087
1650664861787 1664156687087
1650774972787 1664267698087
1651655860787 1665155786087
1651765971787 1665266797087
1652206601787 1667226510087
1652305602787 1667326411087
1652404603787 1667426312087
1652503604787 1667526213087
1652602605787 1667626114087
1652701606787 1667726015087
1652756970787 1666265896087
1687001688687 1688687001687
1687016871687 1687168701687
1687153518687 1688535171687
1721196392917 1738390971217
1721286483917 1738481962217
1721376574917 1738572953217
1721466665917 1738663944217
1721556756917 1738754935217
1721646847917 1738845926217
1721701738917 1738917017217
1721736938917 1738936917217
1722187393917 1739391872217
1722277484917 1739482863217
1722367575917 1739573854217
1722457666917 1739664845217
1722547757917 1739755836217
1722637848917 1739846827217
1722727939917 1739937818217
1750196685817 1767680974117
1750286776817 1767771965117
1750376867817 1767862956117
1750466958817 1767953947117
1751097595817 1768590884117
1751111570817 1767030606117
1751187686817 1768681875117
1751210571817 1767130507117
1751277777817 1768772866117
1751367868817 1768863857117
1751457959817 1768954848117
1752088596817 1769591785117
1752178687817 1769682776117
1752268778817 1769773767117
1752358869817 1769864758117
1780097888717 1797880887017
1780187979717 1797971878017
1781088889717 1798881788017
1800488184747 1818474880047
1800578275747 1818565871047
1800668366747 1818656862047
1800704141747 1817074014047
1800758457747 1818747853047
1800848548747 1818838844047
1800938639747 1818929835047
1801389094747 1819384790047
1801479185747 1819475781047
1801569276747 1819566772047
1801659367747 1819657763047
1801749458747 1819748754047
1801839549747 1819839745047
1841314351947 1858053404247
1841413352947 1858153305247
1841512353947 1858253206247
1841587698947 1859984974247
1841611354947 1858353107247
1841710355947 1858453008247
1842304361947 1859052414247
1842403362947 1859152315247
1842502363947 1859252216247
1842601364947 1859352117247
1842700365947 1859452018247
1870014741847 1887014704147
1870113742847 1887114605147
1870212743847 1887214506147
1870311744847 1887314407147
1870410745847 1887414308147
1871004751847 1888013714147
1871103752847 1888113615147
1871202753847 1888213516147
1871301754847 1888313417147
1871400755847 1888413318147
1910707122877 1928077012177
1910888398877 1929977981177
1980017722977 1998017702277
1980116723977 1998117603277
1980215724977 1998217504277
1980314725977 1998317405277
1980413726977 1998417306277
1980512727977 1998517207277
1980611728977 1998617108277
1980710729977 1998717009277
1981007732977 1999016712277
1981106733977 1999116613277
1981205734977 1999216514277
1981304735977 1999316415277
1981403736977 1999416316277
1981502737977 1999516217277
1981601738977 1999616118277
1981700739977 1999716019277
3001030273169 3100021376039
3001060286169 3100052379039
3001319430169 3101319640039
3001616560169 3101626670039
3001646273169 3101657373039
3001990469169 3004691990169
3002823873169 3102843883039
3003810013169 3104931200039
3003820026169 3105932500039
3003830039169 3106933800039
3004031573169 3103121676039
3004061586169 3103152679039
3004617573169 3104727673039
3004647286169 3104758376039
3004811313169 3104941213039
3004821326169 3105942513039
3004831339169 3106943813039
3005812613169 3104951226039
3005822626169 3105952526039
3005832639169 3106953826039
3006733809169 3106863709039
3006813913169 3104961239039
3006823926169 3105962539039
3006833939169 3106963839039
3007032873169 3106221976039
3007062886169 3106252979039
3007618586169 3107828676039
3007648299169 3107859379039
3009506156169 3109816236039
3040466760969 3262668960309
3040526406969 3264768600309
3040583891969 3271969856009
3040623903969 3260403969309
3040737690969 3262959690309
3040764783969 3262988763309
3041546709969 3265788903309
3042894334969 3052996522669
3043335810969 3263311896309
3043446990969 3265866990309
3043506429969 3267968403309
3044396381969 3244798523909
3046580923969 3064982905369
3046666524969 3056696442669
3047845017969 3057967005669
3048857317969 3057977128669
3049560953969 3067980935369
3049581534969 3058791615669
3050174065669 3274578223009
3050627406669 3254667600609
3051647709669 3255687903609
3052251083669 3252213269609
3052514801669 3263400776309
3052523090669 3252503096609
3053617329669 3257857503609
3054119763669 3063217794369
3055038756669 3064136787369
3055243160669 3255401366609
3055273383669 3255433569609
3055545390669 3255723396609
3055709338669 3246715459909
3056663159669 3067795244369
3056756089669 3067888174369
3057490236669 3066782307369
3057583166669 3066875237369
3057676096669 3066968167369
3057685389669 3067897467369
3058265460669 3258621666609
3058295683669 3258653869609
3058567690669 3258943696609
3058731853669 3067941754369
3060093273369 3273369306009
3060195276369 3274389336009
3060389748369 3264189966309
3060401296369 3276763060009
3060411599369 3277793360009
3060728406369 3244566600909
3061283182369 3263469106309
3061421293369 3275743063009
3061431596369 3276773363009
3061604714369 3254310863609
3061748709369 3245586903909
3062071318369 3267194203309
3062349092369 3264309296309
3062441290369 3274723066009
3062451593369 3275753366009
3062461896369 3276783666009
3062509164369 3256619430609
3062669898369 3266689896309
3062715036369 3244533036909
3062748389369 3244568369909
3063092348369 3267296306309
3063471590369 3274733369009
3063481893369 3275763669009
3063728229369 3247746603909
3064490757369 3256381569609
3064725237369 3257743236609
3065508087369 3259808433609
3065616702369 3267610566309
3066105302369 3076233230069
3066183942369 3268341966309
3066519057369 3259707336609
3067128325369 3077256253069
3067491834369 3259570566609
3068100795369 3079536810069
3069000012369 3078300003069
3069000105369 3079230003069
3069001035369 3079323003069
3069010242369 3078402303069
3069010335369 3079332303069
3069011265369 3079425303069
3069012195369 3079518303069
3069020472369 3078504603069
3069020565369 3079434603069
3069021495369 3079527603069
3069030795369 3079536903069
3069102312369 3078310233069
3069102405369 3079240233069
3069103242369 3078403233069
3069103335369 3079333233069
3069104265369 3079426233069
3069105195369 3079519233069
3069112542369 3078412533069
3069112635369 3079342533069
3069113472369 3078505533069
3069113565369 3079435533069
3069114495369 3079528533069
3069121842369 3078421833069
3069121935369 3079351833069
3069122772369 3078514833069
3069122865369 3079444833069
3069123795369 3079537833069
3069204612369 3078320463069
3069204705369 3079250463069
3069205542369 3078413463069
3069205635369 3079343463069
3069206472369 3078506463069
3069206565369 3079436463069
3069207495369 3079529463069
3069214842369 3078422763069
3069214935369 3079352763069
3069215772369 3078515763069
3069215865369 3079445763069
3069216795369 3079538763069
3069306912369 3078330693069
3069307842369 3078423693069
3069307935369 3079353693069
3069308772369 3078516693069
3069308865369 3079446693069
3069309795369 3079539693069
3070283373069 3263179206309
3070385376069 3264199236309
3070703266069 3266461090309
3070713569069 3267491390309
3071723263069 3265441093309
3071733566069 3266471393309
3072619074069 3246509520909
3072743260069 3264421096309
3072753563069 3265451396309
3072763866069 3266481696309
3073292438069 3257096216609
3073773560069 3264431399309
3073783863069 3265461699309
3074715525069 3258511743609
3075284271069 3277424259009
3075947214069 3246521259909
3080142632769 3181103835639
3081152345769 3182113548639
3081454475769 3182425578639
3081576545769 3184597542639
3081763312769 3173674202939
3081856142769 3173767032939
3081865425769 3174695332939
3081958255769 3174788162939
3081996872769 3171989538939
3082357845769 3184245985639
3082533068769 3174333078939
3082784442769 3173776315939
3082832255769 3174641175939
3082877272769 3173869145939
3082886555769 3174797445939
3083236502769 3194301675339
3083276675769 3184337868639
3083368558769 3185256698639
3083536145769 3186657132639
3083538815769 3194614878339
3084143432769 3185202645639
3084173645769 3185233848639
3084445562769 3185514675639
3084475775769 3185545878639
3084537845769 3187657842639
3084567458769 3187688445639
3084730845769 3187860742639
3084763408769 3177683405939
3084823662769 3186932572639
3084833975769 3187963872639
3084863588769 3187994475639
3085687085769 3176759148939
3085824125769 3177722145939
3085854962769 3186942885639
3085857368769 3177756378939
3086526058769 3189747035639
3087164732769 3188322945639
3087466862769 3188634975639
3090609774469 3174139690939
3090746331469 3173367130939
3091536957469 3175066873939
3091694287469 3193788149339
3091776644469 3174397443939
3091920331469 3192900146339
3091950644469 3192931449339
3092455787469 3175158756939
3093618971469 3186417990639
3093746144469 3176447133939
3094011701469 3197110710339
3094115831469 3197214840339
3094219961469 3197318970339
3094777457469 3177478446939
3095234401469 3197210453339
3100194303039 3101094330039
3100294306039 3102094360039
3100394309039 3103094390039
3100840103039 3101830400039
3100850106039 3102830700039
3100940133039 3101930430039
3100950136039 3102930730039
3101294336039 3102194363039
3101394339039 3103194393039
3101850406039 3102840703039
3101950436039 3102940733039
3102394369039 3103294396039
3109310043039 3109400313039
3109320073039 3109500613039
3109420373039 3109510643039
3110395250739 3220397440509
3110675180739 3220687270509
3110709639739 3210618947809
3110808569739 3210717877809
3111187350739 3221178650509
3112230650739 3221130673509
3112287373739 3222278673509
3112541873739 3221452786509
3113194550739 3223295740509
3113387396739 3223378696509
3113474480739 3223585570509
3114188360739 3213388531809
3114361590739 3212481374809
3115256806739 3236377815209
3115289483739 3214489654809
3116273780739 3226483870509
3116613180739 3226843070509
3117252506739 3228474403509
3117517066739 3228838233509
3117616273739 3227846163509
3117627296739 3228948463509
3117715480739 3226854093509
3118057736739 3239287645209
3118219376739 3217407667809
3118337829739 3239578628209
3118509136739 3228739026509
3118619366739 3228849256509
3118718573739 3227857186509
3118729596739 3228959486509
3119042516739 3218142247809
3120418067439 3220318267509
3120509411439 3231519520209
3120727297439 3220637397509
3120829081439 3220849071509
3121472871439 3231473873209
3121519604439 3232529713209
3121781894439 3231793786209
3122911964439 3231832579209
3123090857439 3213093475809
3123371927439 3213382645809
3123819597439 3223828697509
3124609627439 3235729626209
3125141074439 3224231157509
3125266807439 3226367814509
3125422081439 3224521074509
3126069827439 3237169846209
3126182627439 3216274345809
3126229771439 3236327793209
3126491804439 3216592432809
3126494927439 3216595645809
3126603741439 3235621376209
3128076737439 3229268644509
3128232151439 3227420244509
3128263374439 3227452457509
3128544381439 3227742374509
3128638171439 3216824265809
3128649194439 3217926565809
3131263925139 3232163944209
3131266718139 3232166827209
3131291855139 3232192774209
3131294648139 3232195657209
3131573948139 3232483957209
3131623025139 3232643014209
3131913668139 3222830875509
3132077162139 3232169224209
3132744348139 3233764337209
3133605092139 3233604094209
3133609245139 3224707622509
3134056925139 3235046944209
3134059718139 3235049827209
3134084855139 3235075774209
3134087648139 3235078657209
3134366948139 3235366957209
3134394878139 3235395787209
3135276808139 3216357813809
3135641938139 3226640955509
3136371878139 3238483594209
3136428185139 3236517277209
3136573638139 3226573448509
3136707392139 3236805394209
3137159948139 3238249957209
3137187878139 3238278787209
3137382785139 3237472687209
3138095738139 3219249643809
3138460945139 3229541772509
3139031393139 3139313903139
3139744925139 3239852647209
3170266620939 3190646820339
3170359350939 3190739550339
3170368623939 3191666850339
3171286650939 3190748823339
3171388653939 3191768853339
3171577634939 3182686751639
3172316330939 3192716330339
3173346633939 3193746633339
3174376936939 3194776936339
3175304679939 3197968413339
3175406676939 3196948443339
3175508673939 3195928473339
3176313316939 3196733116339
3176324649939 3197866416339
3176415313939 3195713146339
3176426646939 3196846446339
3176437979939 3197979746339
3176528643939 3195826476339
3176539976939 3196959776339
3177344619939 3197764419339
3177382827939 3187592817639
3177446616939 3196744449339
3177457949939 3197877749339
3177548613939 3195724479339
3177559946939 3196857779339
3177826324939 3186925147639
3179506659939 3199946259339
3180558723639 3181476750639
3181279852639 3191468962339
3182812166639 3184852160639
3182822469639 3185882460639
3182915196639 3184955190639
3182925499639 3185985490639
3183462078639 3194783055339
3183842466639 3184862463639
3183852769639 3185892763639
3183945496639 3184965493639
3183955799639 3185995793639
3185503246639 3186625213639
3185514579639 3187758513639
3185616576639 3186738543639
3186534549639 3187656516639
3186647879639 3187769846639
3193000104339 3194030001339
3193000207339 3195060001339
3193001031339 3193103001339
3193001134339 3194133001339
3193001237339 3195163001339
3193002061339 3193206001339
3193002164339 3194236001339
3193002267339 3195266001339
3193003091339 3193309001339
3193003194339 3194339001339
3193003297339 3195369001339
3193010404339 3194040301339
3193010507339 3195070301339
3193011331339 3193113301339
3193011434339 3194143301339
3193011537339 3195173301339
3193012361339 3193216301339
3193012464339 3194246301339
3193012567339 3195276301339
3193013391339 3193319301339
3193013494339 3194349301339
3193013597339 3195379301339
3193020704339 3194050601339
3193020807339 3195080601339
3193021631339 3193123601339
3193021734339 3194153601339
3193021837339 3195183601339
3193022661339 3193226601339
3193022764339 3194256601339
3193022867339 3195286601339
3193023691339 3193329601339
3193023794339 3194359601339
3193023897339 3195389601339
3193031931339 3193133901339
3193032961339 3193236901339
3193033991339 3193339901339
3193103104339 3194031031339
3193103207339 3195061031339
3193104134339 3194134031339
3193104237339 3195164031339
3193105061339 3193207031339
3193105164339 3194237031339
3193105267339 3195267031339
3193113404339 3194041331339
3193113507339 3195071331339
3193114434339 3194144331339
3193114537339 3195174331339
3193115361339 3193217331339
3193115464339 3194247331339
3193115567339 3195277331339
3193123704339 3194051631339
3193123807339 3195081631339
3193124734339 3194154631339
3193124837339 3195184631339
3193125661339 3193227631339
3193125764339 3194257631339
3193125867339 3195287631339
3193135961339 3193237931339
3193206104339 3194032061339
3193206207339 3195062061339
3193207134339 3194135061339
3193207237339 3195165061339
3193208164339 3194238061339
3193208267339 3195268061339
3193216404339 3194042361339
3193216507339 3195072361339
3193217434339 3194145361339
3193217537339 3195175361339
3193218464339 3194248361339
3193218567339 3195278361339
3193226704339 3194052661339
3193226807339 3195082661339
3193227734339 3194155661339
3193227837339 3195185661339
3193228764339 3194258661339
3193228867339 3195288661339
3193309104339 3194033091339
3193309207339 3195063091339
3193319404339 3194043391339
3193319507339 3195073391339
3193329704339 3194053691339
3193329807339 3195083691339
3194030207339 3195060104339
3194031134339 3194133104339
3194031237339 3195163104339
3194032164339 3194236104339
3194032267339 3195266104339
3194033194339 3194339104339
3194033297339 3195369104339
3194040507339 3195070404339
3194041434339 3194143404339
3194041537339 3195173404339
3194042464339 3194246404339
3194042567339 3195276404339
3194043494339 3194349404339
3194043597339 3195379404339
3194050807339 3195080704339
3194051734339 3194153704339
3194051837339 3195183704339
3194052764339 3194256704339
3194052867339 3195286704339
3194053794339 3194359704339
3194053897339 3195389704339
3194133207339 3195061134339
3194134237339 3195164134339
3194135164339 3194237134339
3194135267339 3195267134339
3194143507339 3195071434339
3194144537339 3195174434339
3194145464339 3194247434339
3194145567339 3195277434339
3194153807339 3195081734339
3194154837339 3195184734339
3194155764339 3194257734339
3194155867339 3195287734339
3194236207339 3195062164339
3194237237339 3195165164339
3194238267339 3195268164339
3194246507339 3195072464339
3194247537339 3195175464339
3194248567339 3195278464339
3194256807339 3195082764339
3194257837339 3195185764339
3194258867339 3195288764339
3194339207339 3195063194339
3194349507339 3195073494339
3194359807339 3195083794339
3195061237339 3195163207339
3195062267339 3195266207339
3195063297339 3195369207339
3195071537339 3195173507339
3195072567339 3195276507339
3195073597339 3195379507339
3195081837339 3195183807339
3195082867339 3195286807339
3195083897339 3195389807339
3195165267339 3195267237339
3195175567339 3195277537339
3195185867339 3195287837339
3214179543809 3225079572509
3214907173809 3225919072509
3215353922809 3235373906209
3216203440809 3226023082509
3217432858809 3239674816209
3218244852809 3238282836209
3218533945809 3238573729209
3219554713809 3228483508509
3220805440509 3230807242209
3221815723509 3231817525209
3226204166509 3238436042209
3229057963509 3239075965209
3243095727909 3275493927009
3243185818909 3275584918009
3243275909909 3275675909009
3244086728909 3276494828009
3244176819909 3276585819009
3245077729909 3277495729009
3460331979049 3463791930049
3523198556919 3558394955019
3523288647919 3558485946019
3523378738919 3558576937019
3523468829919 3558667928019
3524189557919 3559395856019
3524279648919 3559486847019
3524369739919 3559577838019
3752133840959 3786243804059
3752232841959 3786343705059
3752331842959 3786443606059
3752430843959 3786543507059
3753123850959 3787242814059
3753222851959 3787342715059
3753321852959 3787442616059
3753420853959 3787542517059
3754113860959 3788241824059
3754212861959 3788341725059
3754311862959 3788441626059
3754410863959 3788541527059
3755103870959 3789240834059
3755202871959 3789340735059
3755301872959 3789440636059
3755400873959 3789540537059
3861031970929 3896131907029
3861130971929 3896231808029
3862021980929 3897130917029
3862120981929 3897230818029
3940239700999 3976059700099
3940338701999 3976159601099
3940437702999 3976259502099
3940536703999 3976359403099
3940556306999 3966738500399
3940635704999 3976459304099
3940734705999 3976559205099
3940833706999 3976659106099
3940873680999 3973084689099
3940932707999 3976759007099
3941229710999 3977058710099
3941328711999 3977158611099
3941375583999 3952084776699
3941427712999 3977258512099
3941526713999 3977358413099
3941625714999 3977458314099
3941724715999 3977558215099
3941823716999 3977658116099
3941922717999 3977758017099
3941974790999 3974194799099
3942219720999 3978057720099
3942318721999 3978157621099
3942417722999 3978257522099
3942516723999 3978357423099
3942615724999 3978457324099
3942714725999 3978557225099
3942813726999 3978657126099
3942863693999 3964283699399
3942912727999 3978757027099
3943209730999 3979056730099
3943308731999 3979156631099
3943407732999 3979256532099
3943506733999 3979356433099
3943536309999 3969738303399
3943605734999 3979456334099
3943704735999 3979556235099
3943803736999 3979656136099
3943902737999 3979756037099
3944356680999 3955073973699
3944376126999 3958656510699
3944739339999 3969858606399
3945258420999 3957177510699
3945556323999 3957476313699
3945687456999 3958787643699
3945845690999 3967281896399
3945854226999 3957775116699
3946736520999 3956296116699
3950597760699 3962499570399
3952158403699 3965248510399
3952561560699 3964473270399
3952653760699 3962295346399
3953764763699 3965676473399
3954730463699 3965440376399
3954967966699 3966879676399
3955147406699 3968247413399
3956930496699 3968960376399
3960311696399 3974963330099
3960431693399 3973763360099
3960551690399 3972563390099
3960631506399 3972633306099
3960643509399 3973833606099
3960751536399 3972753336099
3960763539399 3973953636099
3960871566399 3972873366099
3960991596399 3972993396099
3961511666399 3974843333099
3961596990399 3972396993099
3961631663399 3973643363099
3961644996399 3974976663099
3961751660399 3972443393099
3961764993399 3973776693099
3961831806399 3972645309099
3961843809399 3973845609099
3961951836399 3972765339099
3961963839399 3973965639099
3962403009399 3975603006099
3962711636399 3974723336099
3962831633399 3973523366099
3962844966399 3974856666099
3962951630399 3972323396099
3962964963399 3973656696099
3963911606399 3974603339099
3963924939399 3975936639099