1000170107007 1001070170007
1000710017007 1001700710007
1000810087007 1001800780007
1007001008007 1008007001007
1007010071007 1007100701007
1007011078007 1008107701007
1007101708007 1008017071007
1007111778007 1008117771007
1008018078007 1008108708007
1013171408307 1014083171307
1026172709607 1027096172607
1030365248907 1041584691207
1030918237907 1031928730907
1032080423907 1042390803207
1033071424907 1043391704207
1034062425907 1044392605207
1035053426907 1045393506207
1036044427907 1046394407207
1037035428907 1047395308207
1038026429907 1048396209207
1050710517507 1051750710507
1050815587507 1051855780507
1061080716807 1071680806107
1062071717807 1072681707107
1063062718807 1073682608107
1064053719807 1074683509107
1070000107107 1071070000107
1070001070107 1070107000107
1070001177107 1071177000107
1070010807107 1071080700107
1070011770107 1070117700107
1070011877107 1071187700107
1070107107107 1071071070107
1070108177107 1071178070107
1070117807107 1071081770107
1070118877107 1071188770107
1071071177107 1071177107107
1071081877107 1071187807107
1106480747637 1107476480637
1111390233937 1122492910237
1111480324937 1122583901237
1112381234937 1123493811237
1112471325937 1123584802237
1113372235937 1124494712237
1113462326937 1124585703237
1114363236937 1125495613237
1114453327937 1125586604237
1115354237937 1126496514237
1115444328937 1126587505237
1116232603937 1127293250237
1116345238937 1127497415237
1116435329937 1127588406237
1117248273937 1127394817237
1117336239937 1128498316237
1122482349237 1123492482237
1123711248237 1124823711237
1140390526837 1151782913137
1140480617837 1151873904137
1141291436837 1152692823137
1141381527837 1152783814137
1141471618837 1152874805137
1142282437837 1153693724137
1142372528837 1153784715137
1142462619837 1153875706137
1143273438837 1154694625137
1143363529837 1154785616137
1144264439837 1155695526137
1146105723837 1157462380137
1147104824837 1158471381137
1148103925837 1159480382137
1148381484837 1148483814837
1149148595837 1159584849137
1170291729737 1181982826037
1171192639737 1182892736037
1173711748737 1174873711737
1206790787667 1207876790667
1207591178667 1208775911667
1211143591967 1221042959267
1211691246967 1223795920267
1211781337967 1223886911267
1211871428967 1223977902267
1212682247967 1224796821267
1212772338967 1224887812267
1212862429967 1224978803267
1213279242967 1224297913267
1213673248967 1225797722267
1213763339967 1225888713267
1214664249967 1226798623267
1217715631967 1227570269267
1218827741967 1228691379267
1222792389267 1223892792267
1226712279267 1227926712267
1241592449867 1253995833167
1242073771867 1252225949167
1242879439867 1243987942867
1245179564867 1256487945167
1246211420867 1257540501167
1246310421867 1257640402167
1247342095867 1258783406167
1275010811767 1286601702067
1276000821767 1287600712067
1276081098767 1287786019067
1276712779767 1277976712767
1277079886767 1288677977067
1304402135097 1420521019527
1304412245097 1420532029527
1304422355097 1420543039527
1304432465097 1420554049527
1304442575097 1420565059527
1304452685097 1420576069527
1304462795097 1420587079527
1304502224097 1420630018527
1304503235097 1420631119527
1304512334097 1420641028527
1304513345097 1420642129527
1304522444097 1420652038527
1304523455097 1420653139527
1304532554097 1420663048527
1304533565097 1420664149527
1304542664097 1420674058527
1304543675097 1420675159527
1304552774097 1420685068527
1304553785097 1420686169527
1304562884097 1420696078527
1304563895097 1420697179527
1304603324097 1420740118527
1304604335097 1420741219527
1304612423097 1420750027527
1304613434097 1420751128527
1304614445097 1420752229527
1304622533097 1420761037527
1304623544097 1420762138527
1304624555097 1420763239527
1304632643097 1420772047527
1304633654097 1420773148527
1304634665097 1420774249527
1304642753097 1420783057527
1304643764097 1420784158527
1304644775097 1420785259527
1304652863097 1420794067527
1304653874097 1420795168527
1304654885097 1420796269527
1304704424097 1420850218527
1304705435097 1420851319527
1304713523097 1420860127527
1304714534097 1420861228527
1304715545097 1420862329527
1304722622097 1420870036527
1304723633097 1420871137527
1304724644097 1420872238527
1304725655097 1420873339527
1304732732097 1420881046527
1304733743097 1420882147527
1304734754097 1420883248527
1304735765097 1420884349527
1304742842097 1420892056527
1304743853097 1420893157527
1304744864097 1420894258527
1304745875097 1420895359527
1304805524097 1420960318527
1304806535097 1420961419527
1304814623097 1420970227527
1304815634097 1420971328527
1304816645097 1420972429527
1304823722097 1420980136527
1304824733097 1420981237527
1304825744097 1420982338527
1304826755097 1420983439527
1304832821097 1420990045527
1304833832097 1420991146527
1304834843097 1420992247527
1304835854097 1420993348527
1304836865097 1420994449527
1305403025097 1421611009527
1305413135097 1421622019527
1305423245097 1421633029527
1305433355097 1421644039527
1305443465097 1421655049527
1305453575097 1421666059527
1305463685097 1421677069527
1305473795097 1421688079527
1305503114097 1421720008527
1305504125097 1421721109527
1305513224097 1421731018527
1305514235097 1421732119527
1305523334097 1421742028527
1305524345097 1421743129527
1305533444097 1421753038527
1305534455097 1421754139527
1305543554097 1421764048527
1305544565097 1421765149527
1305553664097 1421775058527
1305554675097 1421776159527
1305563774097 1421786068527
1305564785097 1421787169527
1305573884097 1421797078527
1305574895097 1421798179527
1305604214097 1421830108527
1305605225097 1421831209527
1305613313097 1421840017527
1305614324097 1421841118527
1305615335097 1421842219527
1305623423097 1421851027527
1305624434097 1421852128527
1305625445097 1421853229527
1305633533097 1421862037527
1305634544097 1421863138527
1305635555097 1421864239527
1305643643097 1421873047527
1305644654097 1421874148527
1305645665097 1421875249527
1305653753097 1421884057527
1305654764097 1421885158527
1305655775097 1421886259527
1305663863097 1421895067527
1305664874097 1421896168527
1305665885097 1421897269527
1305705314097 1421940208527
1305706325097 1421941309527
1305714413097 1421950117527
1305715424097 1421951218527
1305716435097 1421952319527
1305723512097 1421960026527
1305724523097 1421961127527
1305725534097 1421962228527
1305726545097 1421963329527
1305733622097 1421971036527
1305734633097 1421972137527
1305735644097 1421973238527
1305736655097 1421974339527
1305743732097 1421982046527
1305744743097 1421983147527
1305745754097 1421984248527
1305746765097 1421985349527
1305753842097 1421993056527
1305754853097 1421994157527
1305755864097 1421995258527
1305756875097 1421996359527
1306414025097 1422712009527
1306424135097 1422723019527
1306434245097 1422734029527
1306444355097 1422745039527
1306454465097 1422756049527
1306464575097 1422767059527
1306474685097 1422778069527
1306484795097 1422789079527
1306514114097 1422821008527
1306515125097 1422822109527
1306524224097 1422832018527
1306525235097 1422833119527
1306534334097 1422843028527
1306535345097 1422844129527
1306544444097 1422854038527
1306545455097 1422855139527
1306554554097 1422865048527
1306555565097 1422866149527
1306564664097 1422876058527
1306565675097 1422877159527
1306574774097 1422887068527
1306575785097 1422888169527
1306584884097 1422898078527
1306585895097 1422899179527
1306614203097 1422930007527
1306615214097 1422931108527
1306616225097 1422932209527
1306624313097 1422941017527
1306625324097 1422942118527
1306626335097 1422943219527
1306634423097 1422952027527
1306635434097 1422953128527
1306636445097 1422954229527
1306644533097 1422963037527
1306645544097 1422964138527
1306646555097 1422965239527
1306654643097 1422974047527
1306655654097 1422975148527
1306656665097 1422976249527
1306664753097 1422985057527
1306665764097 1422986158527
1306666775097 1422987259527
1306674863097 1422996067527
1306675874097 1422997168527
1306676885097 1422998269527
1307425025097 1423813009527
1307435135097 1423824019527
1307445245097 1423835029527
1307455355097 1423846039527
1307465465097 1423857049527
1307475575097 1423868059527
1307485685097 1423879069527
1307525114097 1423922008527
1307526125097 1423923109527
1307535224097 1423933018527
1307536235097 1423934119527
1307545334097 1423944028527
1307546345097 1423945129527
1307555444097 1423955038527
1307556455097 1423956139527
1307565554097 1423966048527
1307566565097 1423967149527
1307575664097 1423977058527
1307576675097 1423978159527
1307585774097 1423988068527
1307586785097 1423989169527
1307595884097 1423999078527
1308436025097 1424914009527
1308446135097 1424925019527
1308456245097 1424936029527
1308466355097 1424947039527
1308476465097 1424958049527
1308486575097 1424969059527
1310165811397 1441036980127
1310166712397 1441037971127
1310167613397 1441038962127
1310168514397 1441039953127
1310174821397 1441046890127
1310175722397 1441047881127
1310176623397 1441048872127
1310177524397 1441049863127
1310184732397 1441057791127
1310185633397 1441058782127
1310186534397 1441059773127
1310194643397 1441068692127
1310195544397 1441069683127
1310264921397 1441145990127
1310265822397 1441146981127
1310266723397 1441147972127
1310267624397 1441148963127
1310268525397 1441149954127
1310274832397 1441156891127
1310275733397 1441157882127
1310276634397 1441158873127
1310277535397 1441159864127
1310284743397 1441167792127
1310285644397 1441168783127
1310286545397 1441169774127
1310294654397 1441178693127
1310295555397 1441179684127
1310364932397 1441255991127
1310365833397 1441256982127
1310366734397 1441257973127
1310367635397 1441258964127
1310368536397 1441259955127
1310374843397 1441266892127
1310375744397 1441267883127
1310376645397 1441268874127
1310377546397 1441269865127
1310384754397 1441277793127
1310385655397 1441278784127
1310386556397 1441279775127
1310394665397 1441288694127
1310395566397 1441289685127
1310431160397 1440021296127
1310441171397 1440032297127
1310451182397 1440043298127
1310461193397 1440054299127
1310464943397 1441365992127
1310465844397 1441366983127
1310466745397 1441367974127
1310467646397 1441368965127
1310468547397 1441369956127
1310474854397 1441376893127
1310475755397 1441377884127
1310476656397 1441378875127
1310477557397 1441379866127
1310484765397 1441387794127
1310485666397 1441388785127
1310486567397 1441389776127
1310494676397 1441398695127
1310495577397 1441399686127
1310564954397 1441475993127
1310565855397 1441476984127
1310566756397 1441477975127
1310567657397 1441478966127
1310568558397 1441479957127
1310574865397 1441486894127
1310575766397 1441487885127
1310576667397 1441488876127
1310577568397 1441489867127
1310584776397 1441497795127
1310585677397 1441498786127
1310586578397 1441499777127
1310664965397 1441585994127
1310665866397 1441586985127
1310666767397 1441587976127
1310667668397 1441588967127
1310668569397 1441589958127
1310674876397 1441596895127
1310675777397 1441597886127
1310676678397 1441598877127
1310677579397 1441599868127
1310764976397 1441695995127
1310765877397 1441696986127
1310766778397 1441697977127
1310767679397 1441698968127
1311066811397 1442027980127
1311067712397 1442028971127
1311068613397 1442029962127
1311075821397 1442037890127
1311076722397 1442038881127
1311077623397 1442039872127
1311085732397 1442048791127
1311086633397 1442049782127
1311095643397 1442059692127
1311165921397 1442136990127
1311166822397 1442137981127
1311167723397 1442138972127
1311168624397 1442139963127
1311175832397 1442147891127
1311176733397 1442148882127
1311177634397 1442149873127
1311185743397 1442158792127
1311186644397 1442159783127
1311195654397 1442169693127
1311265932397 1442246991127
1311266833397 1442247982127
1311267734397 1442248973127
1311268635397 1442249964127
1311271442397 1442397131127
1311275843397 1442257892127
1311276744397 1442258883127
1311277645397 1442259874127
1311285754397 1442268793127
1311286655397 1442269784127
1311295665397 1442279694127
1311332150397 1441011386127
1311342161397 1441022387127
1311352172397 1441033388127
1311362183397 1441044389127
1311365943397 1442356992127
1311366844397 1442357983127
1311367745397 1442358974127
1311368646397 1442359965127
1311375854397 1442367893127
1311376755397 1442368884127
1311377656397 1442369875127
1311385765397 1442378794127
1311386666397 1442379785127
1311395676397 1442389695127
1311432260397 1441121396127
1311442271397 1441132397127
1311452282397 1441143398127
1311462293397 1441154399127
1311465954397 1442466993127
1311466855397 1442467984127
1311467756397 1442468975127
1311468657397 1442469966127
1311475865397 1442477894127
1311476766397 1442478885127
1311477667397 1442479876127
1311485776397 1442488795127
1311486677397 1442489786127
1311495687397 1442499696127
1311565965397 1442576994127
1311566866397 1442577985127
1311567767397 1442578976127
1311568668397 1442579967127
1311575876397 1442587895127
1311576777397 1442588886127
1311577678397 1442589877127
1311585787397 1442598796127
1311586688397 1442599787127
1311665976397 1442686995127
1311666877397 1442687986127
1311667778397 1442688977127
1311668679397 1442689968127
1311675887397 1442697896127
1311676788397 1442698887127
1311677689397 1442699878127
1311765987397 1442796996127
1311766888397 1442797987127
1311767789397 1442798978127
1312044707397 1430115871827
1312066921397 1443127990127
1312067822397 1443128981127
1312068723397 1443129972127
1312076832397 1443138891127
1312077733397 1443139882127
1312086743397 1443149792127
1312145718397 1430225972827
1312166932397 1443237991127
1312167833397 1443238982127
1312168734397 1443239973127
1312176843397 1443248892127
1312177744397 1443249883127
1312186754397 1443259793127
1312233140397 1442001476127
1312243151397 1442012477127
1312253162397 1442023478127
1312263173397 1442034479127
1312266943397 1443347992127
1312267844397 1443348983127
1312268745397 1443349974127
1312276854397 1443358893127
1312277755397 1443359884127
1312286765397 1443369794127
1312333250397 1442111486127
1312343261397 1442122487127
1312353272397 1442133488127
1312363283397 1442144489127
1312366954397 1443457993127
1312367855397 1443458984127
1312368756397 1443459975127
1312376865397 1443468894127
1312377766397 1443469885127
1312386776397 1443479795127
1312433360397 1442221496127
1312443371397 1442232497127
1312453382397 1442243498127
1312463393397 1442254499127
1312466965397 1443567994127
1312467866397 1443568985127
1312468767397 1443569976127
1312476876397 1443578895127
1312477777397 1443579886127
1312486787397 1443589796127
1312566976397 1443677995127
1312567877397 1443678986127
1312568778397 1443679977127
1312576887397 1443688896127
1312577788397 1443689887127
1312586798397 1443699797127
1312666987397 1443787996127
1312667888397 1443788987127
1312668789397 1443789978127
1312676898397 1443798897127
1312677799397 1443799888127
1312700144397 1443970013127
1312766998397 1443897997127
1312767899397 1443898988127
1313054817397 1431216881827
1313067932397 1444228991127
1313068833397 1444229982127
1313077843397 1444239892127
1313144141397 1443002567127
1313154152397 1443013568127
1313155828397 1431326982827
1313164163397 1443024569127
1313167943397 1444338992127
1313168844397 1444339983127
1313177854397 1444349893127
1313234240397 1443101576127
1313244251397 1443112577127
1313254262397 1443123578127
1313264273397 1443134579127
1313267954397 1444448993127
1313268855397 1444449984127
1313277865397 1444459894127
1313334350397 1443211586127
1313344361397 1443222587127
1313354372397 1443233588127
1313364383397 1443244589127
1313367965397 1444558994127
1313368866397 1444559985127
1313377876397 1444569895127
1313400338397 1430320249827
1313410448397 1430331259827
1313420558397 1430342269827
1313430668397 1430353279827
1313434460397 1443321596127
1313440778397 1430364289827
1313444471397 1443332597127
1313450888397 1430375299827
1313454482397 1443343598127
1313464493397 1443354599127
1313467976397 1444668995127
1313468877397 1444669986127
1313477887397 1444679896127
1313501438397 1430430349827
1313510537397 1430440258827
1313511548397 1430441359827
1313520647397 1430451268827
1313521658397 1430452369827
1313530757397 1430462278827
1313531768397 1430463379827
1313540867397 1430473288827
1313541878397 1430474389827
1313550977397 1430484298827
1313551988397 1430485399827
1313567987397 1444778996127
1313568888397 1444779987127
1313577898397 1444789897127
1313601045397 1444961004127
1313602538397 1430540449827
1313611637397 1430550358827
1313612648397 1430551459827
1313620736397 1430560267827
1313621747397 1430561368827
1313622758397 1430562469827
1313630846397 1430571277827
1313631857397 1430572378827
1313632868397 1430573479827
1313640956397 1430582287827
1313641967397 1430583388827
1313642978397 1430584489827
1313667998397 1444888997127
1313668899397 1444889988127
1313703638397 1430650549827
1313712737397 1430660458827
1313713748397 1430661559827
1313721836397 1430670367827
1313722847397 1430671468827
1313723858397 1430672569827
1313730935397 1430680276827
1313731946397 1430681377827
1313732957397 1430682478827
1313733968397 1430683579827
1313804738397 1430760649827
1313813837397 1430770558827
1313814848397 1430771659827
1313822936397 1430780467827
1313823947397 1430781568827
1313824958397 1430782669827
1313905838397 1430870749827
1313914937397 1430880658827
1313915948397 1430881759827
1314055142397 1444003658127
1314064927397 1432317891827
1314065153397 1444014659127
1314068943397 1445329992127
1314145241397 1444102667127
1314155252397 1444113668127
1314165263397 1444124669127
1314165938397 1432427992827
1314168954397 1445439993127
1314235340397 1444201676127
1314245351397 1444212677127
1314255362397 1444223678127
1314265373397 1444234679127
1314268965397 1445549994127
1314300128397 1431300139827
1314310238397 1431311149827
1314320348397 1431322159827
1314330458397 1431333169827
1314335450397 1444311686127
1314340568397 1431344179827
1314345461397 1444322687127
1314350678397 1431355189827
1314355472397 1444333688127
1314360788397 1431366199827
1314365483397 1444344689127
1314368976397 1445659995127
1314401228397 1431410239827
1314410327397 1431420148827
1314411338397 1431421249827
1314420437397 1431431158827
1314421448397 1431432259827
1314430547397 1431442168827
1314431558397 1431443269827
1314435560397 1444421696127
1314440657397 1431453178827
1314441668397 1431454279827
1314445571397 1444432697127
1314450767397 1431464188827
1314451778397 1431465289827
1314455582397 1444443698127
1314460877397 1431475198827
1314461888397 1431476299827
1314465593397 1444454699127
1314468987397 1445769996127
1314502328397 1431520339827
1314511427397 1431530248827
1314512438397 1431531349827
1314520526397 1431540157827
1314521537397 1431541258827
1314522548397 1431542359827
1314530636397 1431551167827
1314531647397 1431552268827
1314532658397 1431553369827
1314540746397 1431562177827
1314541757397 1431563278827
1314542768397 1431564379827
1314550856397 1431573187827
1314551867397 1431574288827
1314552878397 1431575389827
1314560966397 1431584197827
1314561977397 1431585298827
1314562988397 1431586399827
1314568998397 1445879997127
1314603428397 1431630439827
1314612527397 1431640348827
1314613538397 1431641449827
1314621626397 1431650257827
1314622637397 1431651358827
1314623648397 1431652459827
1314630725397 1431660166827
1314631736397 1431661267827
1314632747397 1431662368827
1314633758397 1431663469827
1314640835397 1431671176827
1314641846397 1431672277827
1314642857397 1431673378827
1314643868397 1431674479827
1314650945397 1431682186827
1314651956397 1431683287827
1314652967397 1431684388827
1314653978397 1431685489827
1314704528397 1431740539827
1314713627397 1431750448827
1314714638397 1431751549827
1314722726397 1431760357827
1314723737397 1431761458827
1314724748397 1431762559827
1314731825397 1431770266827
1314732836397 1431771367827
1314733847397 1431772468827
1314734858397 1431773569827
1314740924397 1431780175827
1314741935397 1431781276827
1314742946397 1431782377827
1314743957397 1431783478827
1314744968397 1431784579827
1314805628397 1431850639827
1314814727397 1431860548827
1314815738397 1431861649827
1314823826397 1431870457827
1314824837397 1431871558827
1314825848397 1431872659827
1314832925397 1431880366827
1314833936397 1431881467827
1314834947397 1431882568827
1314835958397 1431883669827
1314906728397 1431960739827
1314915827397 1431970648827
1314916838397 1431971749827
1314924926397 1431980557827
1314925937397 1431981658827
1314926948397 1431982759827
1315056242397 1445103758127
1315066253397 1445114759127
1315146341397 1445202767127
1315156352397 1445213768127
1315166363397 1445224769127
1315220138397 1432302049827
1315230248397 1432313059827
1315236440397 1445301776127
1315240358397 1432324069827
1315246451397 1445312777127
1315250468397 1432335079827
1315256462397 1445323778127
1315260578397 1432346089827
1315266473397 1445334779127
1315270688397 1432357099827
1315310117397 1432400038827
1315311128397 1432401139827
1315320227397 1432411048827
1315321238397 1432412149827
1315330337397 1432422058827
1315331348397 1432423159827
1315336550397 1445411786127
1315340447397 1432433068827
1315341458397 1432434169827
1315346561397 1445422787127
1315350557397 1432444078827
1315351568397 1432445179827
1315356572397 1445433788127
1315360667397 1432455088827
1315361678397 1432456189827
1315366583397 1445444789127
1315370777397 1432466098827
1315371788397 1432467199827
1315402118397 1432500229827
1315411217397 1432510138827
1315412228397 1432511239827
1315420316397 1432520047827
1315421327397 1432521148827
1315422338397 1432522249827
1315430426397 1432531057827
1315431437397 1432532158827
1315432448397 1432533259827
1315436660397 1445521796127
1315440536397 1432542067827
1315441547397 1432543168827
1315442558397 1432544269827
1315446671397 1445532797127
1315450646397 1432553077827
1315451657397 1432554178827
1315452668397 1432555279827
1315456682397 1445543798127
1315460756397 1432564087827
1315461767397 1432565188827
1315462778397 1432566289827
1315466693397 1445554799127
1315470866397 1432575097827
1315471877397 1432576198827
1315472888397 1432577299827
1315503218397 1432610329827
1315512317397 1432620238827
1315513328397 1432621339827
1315521416397 1432630147827
1315522427397 1432631248827
1315523438397 1432632349827
1315530515397 1432640056827
1315531526397 1432641157827
1315532537397 1432642258827
1315533548397 1432643359827
1315540625397 1432651066827
1315541636397 1432652167827
1315542647397 1432653268827
1315543658397 1432654369827
1315550735397 1432662076827
1315551746397 1432663177827
1315552757397 1432664278827
1315553768397 1432665379827
1315560845397 1432673086827
1315561856397 1432674187827
1315562867397 1432675288827
1315563878397 1432676389827
1315570955397 1432684096827
1315571966397 1432685197827
1315572977397 1432686298827
1315573988397 1432687399827
1315604318397 1432720429827
1315613417397 1432730338827
1315614428397 1432731439827
1315622516397 1432740247827
1315623527397 1432741348827
1315624538397 1432742449827
1315631615397 1432750156827
1315632626397 1432751257827
1315633637397 1432752358827
1315634648397 1432753459827
1315640714397 1432760065827
1315641725397 1432761166827
1315642736397 1432762267827
1315643747397 1432763368827
1315644758397 1432764469827
1315650824397 1432771075827
1315651835397 1432772176827
1315652846397 1432773277827
1315653857397 1432774378827
1315654868397 1432775479827
1315660934397 1432782085827
1315661945397 1432783186827
1315662956397 1432784287827
1315663967397 1432785388827
1315664978397 1432786489827
1315705418397 1432830529827
1315714517397 1432840438827
1315715528397 1432841539827
1315723616397 1432850347827
1315724627397 1432851448827
1315725638397 1432852549827
1315732715397 1432860256827
1315733726397 1432861357827
1315734737397 1432862458827
1315735748397 1432863559827
1315741814397 1432870165827
1315742825397 1432871266827
1315743836397 1432872367827
1315744847397 1432873468827
1315745858397 1432874569827
1315750913397 1432880074827
1315751924397 1432881175827
1315752935397 1432882276827
1315753946397 1432883377827
1315754957397 1432884478827
1315755968397 1432885579827
1315806518397 1432940629827
1315815617397 1432950538827
1315816628397 1432951639827
1315824716397 1432960447827
1315825727397 1432961548827
1315826738397 1432962649827
1315833815397 1432970356827
1315834826397 1432971457827
1315835837397 1432972558827
1315836848397 1432973659827
1315842914397 1432980265827
1315843925397 1432981366827
1315844936397 1432982467827
1315845947397 1432983568827
1315846958397 1432984669827
1316057342397 1446203858127
1316067353397 1446214859127
1316147441397 1446302867127
1316157452397 1446313868127
1316167463397 1446324869127
1316231138397 1433403049827
1316237540397 1446401876127
1316241248397 1433414059827
1316247551397 1446412877127
1316251358397 1433425069827
1316257562397 1446423878127
1316261468397 1433436079827
1316267573397 1446434879127
1316271578397 1433447089827
1316281688397 1433458099827
1316321117397 1433501038827
1316322128397 1433502139827
1316331227397 1433512048827
1316332238397 1433513149827
1316337650397 1446511886127
1316341337397 1433523058827
1316342348397 1433524159827
1316347661397 1446522887127
1316351447397 1433534068827
1316352458397 1433535169827
1316357672397 1446533888127
1316361557397 1433545078827
1316362568397 1433546179827
1316367683397 1446544889127
1316371667397 1433556088827
1316372678397 1433557189827
1316381777397 1433567098827
1316382788397 1433568199827
1316412107397 1433600128827
1316413118397 1433601229827
1316421206397 1433610037827
1316422217397 1433611138827
1316423228397 1433612239827
1316431316397 1433621047827
1316432327397 1433622148827
1316433338397 1433623249827
1316437760397 1446621896127
1316441426397 1433632057827
1316442437397 1433633158827
1316443448397 1433634259827
1316447771397 1446632897127
1316451536397 1433643067827
1316452547397 1433644168827
1316453558397 1433645269827
1316457782397 1446643898127
1316461646397 1433654077827
1316462657397 1433655178827
1316463668397 1433656279827
1316467793397 1446654899127
1316471756397 1433665087827
1316472767397 1433666188827
1316473778397 1433667289827
1316481866397 1433676097827
1316482877397 1433677198827
1316483888397 1433678299827
1316504108397 1433700319827
1316513207397 1433710228827
1316514218397 1433711329827
1316522306397 1433720137827
1316523317397 1433721238827
1316524328397 1433722339827
1316531405397 1433730046827
1316532416397 1433731147827
1316533427397 1433732248827
1316534438397 1433733349827
1316541515397 1433741056827
1316542526397 1433742157827
1316543537397 1433743258827
1316544548397 1433744359827
1316551625397 1433752066827
1316552636397 1433753167827
1316553647397 1433754268827
1316554658397 1433755369827
1316561735397 1433763076827
1316562746397 1433764177827
1316563757397 1433765278827
1316564768397 1433766379827
1316571845397 1433774086827
1316572856397 1433775187827
1316573867397 1433776288827
1316574878397 1433777389827
1316581955397 1433785096827
1316582966397 1433786197827
1316583977397 1433787298827
1316584988397 1433788399827
1316605208397 1433810419827
1316614307397 1433820328827
1316615318397 1433821429827
1316623406397 1433830237827
1316624417397 1433831338827
1316625428397 1433832439827
1316632505397 1433840146827
1316633516397 1433841247827
1316634527397 1433842348827
1316635538397 1433843449827
1316641604397 1433850055827
1316642615397 1433851156827
1316643626397 1433852257827
1316644637397 1433853358827
1316645648397 1433854459827
1316651714397 1433861065827
1316652725397 1433862166827
1316653736397 1433863267827
1316654747397 1433864368827
1316655758397 1433865469827
1316661824397 1433872075827
1316662835397 1433873176827
1316663846397 1433874277827
1316664857397 1433875378827
1316665868397 1433876479827
1316671934397 1433883085827
1316672945397 1433884186827
1316673956397 1433885287827
1316674967397 1433886388827
1316675978397 1433887489827
1316706308397 1433920519827
1316715407397 1433930428827
1316716418397 1433931529827
1316724506397 1433940337827
1316725517397 1433941438827
1316726528397 1433942539827
1316733605397 1433950246827
1316734616397 1433951347827
1316735627397 1433952448827
1316736638397 1433953549827
1316742704397 1433960155827
1316743715397 1433961256827
1316744726397 1433962357827
1316745737397 1433963458827
1316746748397 1433964559827
1316751803397 1433970064827
1316752814397 1433971165827
1316753825397 1433972266827
1316754836397 1433973367827
1316755847397 1433974468827
1316756858397 1433975569827
1316761913397 1433981074827
1316762924397 1433982175827
1316763935397 1433983276827
1316764946397 1433984377827
1316765957397 1433985478827
1316766968397 1433986579827
1317058442397 1447303958127
1317068453397 1447314959127
1317073406397 1435739110827
1317148541397 1447402967127
1317158552397 1447413968127
1317164307397 1435838201827
1317168563397 1447424969127
1317238640397 1447501976127
1317242138397 1434504049827
1317248651397 1447512977127
1317252248397 1434515059827
1317258662397 1447523978127
1317262358397 1434526069827
1317268673397 1447534979127
1317272468397 1434537079827
1317282578397 1434548089827
1317292688397 1434559099827
1317332117397 1434602038827
1317333128397 1434603139827
1317338750397 1447611986127
1317342227397 1434613048827
1317343238397 1434614149827
1317348761397 1447622987127
1317352337397 1434624058827
1317353348397 1434625159827
1317358772397 1447633988127
1317362447397 1434635068827
1317363458397 1434636169827
1317368783397 1447644989127
1317372557397 1434646078827
1317373568397 1434647179827
1317382667397 1434657088827
1317383678397 1434658189827
1317392777397 1434668098827
1317393788397 1434669199827
1317423107397 1434701128827
1317424118397 1434702229827
1317432206397 1434711037827
1317433217397 1434712138827
1317434228397 1434713239827
1317438860397 1447721996127
1317442316397 1434722047827
1317443327397 1434723148827
1317444338397 1434724249827
1317448871397 1447732997127
1317452426397 1434733057827
1317453437397 1434734158827
1317454448397 1434735259827
1317458882397 1447743998127
1317462536397 1434744067827
1317463547397 1434745168827
1317464558397 1434746269827
1317468893397 1447754999127
1317472646397 1434755077827
1317473657397 1434756178827
1317474668397 1434757279827
1317482756397 1434766087827
1317483767397 1434767188827
1317484778397 1434768289827
1317492866397 1434777097827
1317493877397 1434778198827
1317494888397 1434779299827
1317515108397 1434801319827
1317524207397 1434811228827
1317525218397 1434812329827
1317533306397 1434821137827
1317534317397 1434822238827
1317535328397 1434823339827
1317542405397 1434831046827
1317543416397 1434832147827
1317544427397 1434833248827
1317545438397 1434834349827
1317552515397 1434842056827
1317553526397 1434843157827
1317554537397 1434844258827
1317555548397 1434845359827
1317562625397 1434853066827
1317563636397 1434854167827
1317564647397 1434855268827
1317565658397 1434856369827
1317572735397 1434864076827
1317573746397 1434865177827
1317574757397 1434866278827
1317575768397 1434867379827
1317582845397 1434875086827
1317583856397 1434876187827
1317584867397 1434877288827
1317585878397 1434878389827
1317592955397 1434886096827
1317593966397 1434887197827
1317594977397 1434888298827
1317595988397 1434889399827
1317616208397 1434911419827
1317625307397 1434921328827
1317626318397 1434922429827
1317634406397 1434931237827
1317635417397 1434932338827
1317636428397 1434933439827
1317643505397 1434941146827
1317644516397 1434942247827
1317645527397 1434943348827
1317646538397 1434944449827
1317652604397 1434951055827
1317653615397 1434952156827
1317654626397 1434953257827
1317655637397 1434954358827
1317656648397 1434955459827
1317662714397 1434962065827
1317663725397 1434963166827
1317664736397 1434964267827
1317665747397 1434965368827
1317666758397 1434966469827
1317672824397 1434973075827
1317673835397 1434974176827
1317674846397 1434975277827
1317675857397 1434976378827
1317676868397 1434977479827
1317682934397 1434984085827
1317683945397 1434985186827
1317684956397 1434986287827
1317685967397 1434987388827
1317686978397 1434988489827
1318073317397 1436829111827
1318164218397 1436928202827
1318253138397 1435605049827
1318263248397 1435616059827
1318273358397 1435627069827
1318283468397 1435638079827
1318293578397 1435649089827
1318343117397 1435703038827
1318344128397 1435704139827
1318353227397 1435714048827
1318354238397 1435715149827
1318363337397 1435725058827
1318364348397 1435726159827
1318373447397 1435736068827
1318374458397 1435737169827
1318383557397 1435747078827
1318384568397 1435748179827
1318393667397 1435758088827
1318394678397 1435759189827
1318434107397 1435802128827
1318435118397 1435803229827
1318443206397 1435812037827
1318444217397 1435813138827
1318445228397 1435814239827
1318453316397 1435823047827
1318454327397 1435824148827
1318455338397 1435825249827
1318463426397 1435834057827
1318464437397 1435835158827
1318465448397 1435836259827
1318473536397 1435845067827
1318474547397 1435846168827
1318475558397 1435847269827
1318483646397 1435856077827
1318484657397 1435857178827
1318485668397 1435858279827
1318493756397 1435867087827
1318494767397 1435868188827
1318495778397 1435869289827
1318526108397 1435902319827
1318535207397 1435912228827
1318536218397 1435913329827
1318544306397 1435922137827
1318545317397 1435923238827
1318546328397 1435924339827
1318553405397 1435932046827
1318554416397 1435933147827
1318555427397 1435934248827
1318556438397 1435935349827
1318563515397 1435943056827
1318564526397 1435944157827
1318565537397 1435945258827
1318566548397 1435946359827
1318573625397 1435954066827
1318574636397 1435955167827
1318575647397 1435956268827
1318576658397 1435957369827
1318583735397 1435965076827
1318584746397 1435966177827
1318585757397 1435967278827
1318586768397 1435968379827
1318593845397 1435976086827
1318594856397 1435977187827
1318595867397 1435978288827
1318596878397 1435979389827
1319073228397 1437919112827
1319264138397 1436706049827
1319274248397 1436717059827
1319284358397 1436728069827
1319294468397 1436739079827
1319354117397 1436804038827
1319355128397 1436805139827
1319364227397 1436815048827
1319365238397 1436816149827
1319374337397 1436826058827
1319375348397 1436827159827
1319384447397 1436837068827
1319385458397 1436838169827
1319394557397 1436848078827
1319395568397 1436849179827
1319445107397 1436903128827
1319446118397 1436904229827
1319454206397 1436913037827
1319455217397 1436914138827
1319456228397 1436915239827
1319464316397 1436924047827
1319465327397 1436925148827
1319466338397 1436926249827
1319474426397 1436935057827
1319475437397 1436936158827
1319476448397 1436937259827
1319484536397 1436946067827
1319485547397 1436947168827
1319486558397 1436948269827
1319494646397 1436957077827
1319495657397 1436958178827
1319496668397 1436959279827
1320425141697 1451003594427
1320435152697 1451014595427
1320445163697 1451025596427
1320455174697 1451036597427
1320465185697 1451047598427
1320475196697 1451058599427
1321336142697 1452004685427
1321346153697 1452015686427
1321356164697 1452026687427
1321366175697 1452037688427
1321376186697 1452048689427
1321426241697 1452103694427
1321436252697 1452114695427
1321446263697 1452125696427
1321456274697 1452136697427
1321466285697 1452147698427
1321476296697 1452158699427
1322247143697 1453005776427
1322257154697 1453016777427
1322267165697 1453027778427
1322277176697 1453038779427
1322337242697 1453104785427
1322347253697 1453115786427
1322357264697 1453126787427
1322367275697 1453137788427
1322377286697 1453148789427
1322427341697 1453203794427
1322437352697 1453214795427
1322447363697 1453225796427
1322457374697 1453236797427
1322467385697 1453247798427
1322477396697 1453258799427
1323158144697 1454006867427
1323168155697 1454017868427
1323178166697 1454028869427
1323248243697 1454105876427
1323258254697 1454116877427
1323268265697 1454127878427
1323278276697 1454138879427
1323338342697 1454204885427
1323348353697 1454215886427
1323358364697 1454226887427
1323368375697 1454237888427
1323378386697 1454248889427
1323428441697 1454303894427
1323438452697 1454314895427
1323448463697 1454325896427
1323458474697 1454336897427
1323468485697 1454347898427
1323478496697 1454358899427
1324069145697 1455007958427
1324079156697 1455018959427
1324159244697 1455106967427
1324169255697 1455117968427
1324179266697 1455128969427
1324249343697 1455205976427
1324259354697 1455216977427
1324269365697 1455227978427
1324271456697 1456697132427
1324279376697 1455238979427
1324339442697 1455304985427
1324349453697 1455315986427
1324359464697 1455326987427
1324369475697 1455337988427
1324379486697 1455348989427
1324429541697 1455403994427
1324439552697 1455414995427
1324449563697 1455425996427
1324459574697 1455436997427
1324469585697 1455447998427
1324479596697 1455458999427
1325537606697 1456503779427
1325842845697 1456983258427
1326114174697 1458843600427
1326447605697 1457503688427
1326548716697 1457614789427
1327113185697 1459942601427
1327357604697 1458503597427
1327458715697 1458614698427
1327559826697 1458725799427
1330143852997 1341015877297
1330167752997 1476469950027
1330176753997 1476479941027
1330185754997 1476489932027
1330194755997 1476499923027
1330253963997 1341126888297
1330257762997 1476569860027
1330266763997 1476579851027
1330275764997 1476589842027
1330284765997 1476599833027
1330347772997 1476669770027
1330356773997 1476679761027
1330365774997 1476689752027
1330374775997 1476699743027
1330437782997 1476769680027
1330439144997 1462007894727
1330446783997 1476779671027
1330449155997 1462018895727
1330455784997 1476789662027
1330459166997 1462029896727
1330464785997 1476799653027
1330527792997 1476869590027
1330536793997 1476879581027
1330545794997 1476889572027
1330554795997 1476899563027
1331134851997 1342014976297
1331157862997 1477568960027
1331166863997 1477578951027
1331175864997 1477588942027
1331184865997 1477598933027
1331244962997 1342125987297
1331247872997 1477668870027
1331256873997 1477678861027
1331265874997 1477688852027
1331274875997 1477698843027
1331337882997 1477768780027
1331346883997 1477778771027
1331355884997 1477788762027
1331364885997 1477798753027
1331427892997 1477868690027
1331436893997 1477878681027
1331445894997 1477888672027
1331454895997 1477898663027
1332014529997 1479866500027
1332147972997 1478667970027
1332156973997 1478677961027
1332165974997 1478687952027
1332174975997 1478697943027
1332237982997 1478767880027
1332246983997 1478777871027
1332255984997 1478787862027
1332264985997 1478797853027
1332327992997 1478867790027
1332336993997 1478877781027
1332345994997 1478887772027
1332354995997 1478897763027
1332630072997 1463112099727
1333540062997 1464111189727
1333631061997 1464211098727
1333641172997 1464222199727
1334450052997 1465110279727
1334465707997 1466313997727
1334541051997 1465210188727
1334551162997 1465221289727
1334632050997 1465310097727
1334642161997 1465321198727
1334652272997 1465332299727
1335461152997 1466220379727
1335552151997 1466320288727
1335562262997 1466331389727
1335643150997 1466420197727
1335653261997 1466431298727
1335663372997 1466442399727
1336472252997 1467330479727
1336513202997 1348663200297
1336563251997 1467430388727
1336573362997 1467441489727
1336612203997 1348763101297
1336654250997 1467530297727
1336664361997 1467541398727
1336674472997 1467552499727
1336711204997 1348863002297
1337483352997 1468440579727
1337503212997 1349662210297
1337574351997 1468540488727
1337584462997 1468551589727
1337602213997 1349762111297
1337665350997 1468640397727
1337672846997 1469983376727
1337675461997 1468651498727
1337685572997 1468662599727
1337701214997 1349862012297
1338494452997 1469550679727
1338585451997 1469650588727
1338595562997 1469661689727
1338676450997 1469750497727
1338686561997 1469761598727
1338696672997 1469772699727
1340187942297 1474057992027
1340188843297 1474058983027
1340189744297 1474059974027
1340197853297 1474068893027
1340198754297 1474069884027
1340271474297 1474297134027
1340287953297 1474167993027
1340288854297 1474168984027
1340289755297 1474169975027
1340297864297 1474178894027
1340298765297 1474179885027
1340387964297 1474277994027
1340388865297 1474278985027
1340389766297 1474279976027
1340397875297 1474288895027
1340398776297 1474289886027
1340473170297 1473034197027
1340483181297 1473045198027
1340487975297 1474387995027
1340488876297 1474388986027
1340489777297 1474389977027
1340493192297 1473056199027
1340497886297 1474398896027
1340498787297 1474399887027
1340587986297 1474497996027
1340588887297 1474498987027
1340589788297 1474499978027
1340627883297 1460089655727
1341088942297 1475048992027
1341089843297 1475049983027
1341098853297 1475059893027
1341188953297 1475158993027
1341189854297 1475159984027
1341198864297 1475169894027
1341288964297 1475268994027
1341289865297 1475269985027
1341298875297 1475279895027
1341374160297 1474024287027
1341384171297 1474035288027
1341388975297 1475378995027
1341389876297 1475379986027
1341394182297 1474046289027
1341398886297 1475389896027
1341474270297 1474134297027
1341484281297 1474145298027
1341488986297 1475488996027
1341489887297 1475489987027
1341494292297 1474156299027
1341498897297 1475499897027
1341588997297 1475598997027
1341589898297 1475599988027
1341930657297 1461390359727
1342089953297 1476149993027
1342189964297 1476259994027
1342275150297 1475014377027
1342285161297 1475025378027
1342289975297 1476369995027
1342295172297 1475036379027
1342375260297 1475124387027
1342385271297 1475135388027
1342389986297 1476479996027
1342395282297 1475146389027
1342475370297 1475234397027
1342485381297 1475245398027
1342489997297 1476589997027
1342495392297 1475256399027
1342830447297 1462370249727
1342840557297 1462381259727
1342850667297 1462392269727
1342931547297 1462480349727
1342940646297 1462490258727
1342941657297 1462491359727
1343176140297 1476004467027
1343186151297 1476015468027
1343196162297 1476026469027
1343276250297 1476114477027
1343286261297 1476125478027
1343296272297 1476136479027
1343334705297 1464366500727
1343376360297 1476224487027
1343386371297 1476235488027
1343396382297 1476246489027
1343476470297 1476334497027
1343486481297 1476345498027
1343496492297 1476356499027
1343730237297 1463350139727
1343740347297 1463361149727
1343750457297 1463372159727
1343760567297 1463383169727
1343770677297 1463394179727
1343831337297 1463460239727
1343840436297 1463470148727
1343841447297 1463471249727
1343850546297 1463481158727
1343851557297 1463482259727
1343860656297 1463492168727
1343861667297 1463493269727
1343932437297 1463570339727
1343941536297 1463580248727
1343942547297 1463581349727
1343950635297 1463590157727
1343951646297 1463591258727
1343952657297 1463592359727
1344087141297 1477005558027
1344097152297 1477016559027
1344177240297 1477104567027
1344187251297 1477115568027
1344197262297 1477126569027
1344243715297 1465357410727
1344277350297 1477214577027
1344287361297 1477225578027
1344297372297 1477236579027
1344334616297 1465456501727
1344377460297 1477324587027
1344387471297 1477335588027
1344397482297 1477346589027
1344477570297 1477434597027
1344487581297 1477445598027
1344497592297 1477456599027
1344630027297 1464330029727
1344640137297 1464341039727
1344650247297 1464352049727
1344660357297 1464363059727
1344670467297 1464374069727
1344680577297 1464385079727
1344690687297 1464396089727
1344731127297 1464440129727
1344740226297 1464450038727
1344741237297 1464451139727
1344750336297 1464461048727
1344751347297 1464462149727
1344760446297 1464472058727
1344761457297 1464473159727
1344770556297 1464483068727
1344771567297 1464484169727
1344780666297 1464494078727
1344781677297 1464495179727
1344832227297 1464550229727
1344841326297 1464560138727
1344842337297 1464561239727
1344850425297 1464570047727
1344851436297 1464571148727
1344852447297 1464572249727
1344860535297 1464581057727
1344861546297 1464582158727
1344862557297 1464583259727
1344870645297 1464592067727
1344871656297 1464593168727
1344872667297 1464594269727
1344933327297 1464660329727
1344942426297 1464670238727
1344943437297 1464671339727
1344951525297 1464680147727
1344952536297 1464681248727
1344953547297 1464682349727
1344960624297 1464690056727
1344961635297 1464691157727
1344962646297 1464692258727
1344963657297 1464693359727
1345088241297 1478105658027
1345098252297 1478116659027
1345152725297 1466348320727
1345178340297 1478204667027
1345188351297 1478215668027
1345198362297 1478226669027
1345243626297 1466447411727
1345278450297 1478314677027
1345288461297 1478325678027
1345298472297 1478336679027
1345334527297 1466546502727
1345378560297 1478424687027
1345388571297 1478435688027
1345398582297 1478446689027
1345478670297 1478534697027
1345488681297 1478545698027
1345498692297 1478556699027
1345641027297 1465431029727
1345651137297 1465442039727
1345661247297 1465453049727
1345671357297 1465464059727
1345681467297 1465475069727
1345691577297 1465486079727
1345732017297 1465530119727
1345741116297 1465540028727
1345742127297 1465541129727
1345751226297 1465551038727
1345752237297 1465552139727
1345761336297 1465562048727
1345762347297 1465563149727
1345771446297 1465573058727
1345772457297 1465574159727
1345781556297 1465584068727
1345782567297 1465585169727
1345791666297 1465595078727
1345792677297 1465596179727
1345833117297 1465640219727
1345842216297 1465650128727
1345843227297 1465651229727
1345851315297 1465660037727
1345852326297 1465661138727
1345853337297 1465662239727
1345861425297 1465671047727
1345862436297 1465672148727
1345863447297 1465673249727
1345871535297 1465682057727
1345872546297 1465683158727
1345873557297 1465684259727
1345881645297 1465693067727
1345882656297 1465694168727
1345883667297 1465695269727
1345934217297 1465750319727
1345943316297 1465760228727
1345944327297 1465761329727
1345952415297 1465770137727
1345953426297 1465771238727
1345954437297 1465772339727
1345961514297 1465780046727
1345962525297 1465781147727
1345963536297 1465782248727
1345964547297 1465783349727
1345971624297 1465791056727
1345972635297 1465792157727
1345973646297 1465793258727
1345974657297 1465794359727
1346061735297 1467339230727
1346089341297 1479205758027
1346099352297 1479216759027
1346152636297 1467438321727
1346179440297 1479304767027
1346189451297 1479315768027
1346199462297 1479326769027
1346243537297 1467537412727
1346279550297 1479414777027
1346289561297 1479425778027
1346299572297 1479436779027
1346334438297 1467636503727
1346379660297 1479524787027
1346389671297 1479535788027
1346399682297 1479546789027
1346479770297 1479634797027
1346489781297 1479645798027
1346499792297 1479656799027
1346652027297 1466532029727
1346662137297 1466543039727
1346672247297 1466554049727
1346682357297 1466565059727
1346692467297 1466576069727
1346742006297 1466630018727
1346743017297 1466631119727
1346752116297 1466641028727
1346753127297 1466642129727
1346762226297 1466652038727
1346763237297 1466653139727
1346772336297 1466663048727
1346773347297 1466664149727
1346782446297 1466674058727
1346783457297 1466675159727
1346792556297 1466685068727
1346793567297 1466686169727
1346834007297 1466730209727
1346843106297 1466740118727
1346844117297 1466741219727
1346852205297 1466750027727
1346853216297 1466751128727
1346854227297 1466752229727
1346862315297 1466761037727
1346863326297 1466762138727
1346864337297 1466763239727
1346872425297 1466772047727
1346873436297 1466773148727
1346874447297 1466774249727
1346882535297 1466783057727
1346883546297 1466784158727
1346884557297 1466785259727
1346892645297 1466794067727
1346893656297 1466795168727
1346894667297 1466796269727
1346935107297 1466840309727
1346944206297 1466850218727
1346945217297 1466851319727
1346953305297 1466860127727
1346954316297 1466861228727
1346955327297 1466862329727
1346962404297 1466870036727
1346963415297 1466871137727
1346964426297 1466872238727
1346965437297 1466873339727
1346972514297 1466881046727
1346973525297 1466882147727
1346974536297 1466883248727
1346975547297 1466884349727
1346982624297 1466892056727
1346983635297 1466893157727
1346984646297 1466894258727
1346985657297 1466895359727
1347061646297 1468429231727
1347152547297 1468528322727
1347243448297 1468627413727
1347334349297 1468726504727
1347663027297 1467633029727
1347673137297 1467644039727
1347683247297 1467655049727
1347693357297 1467666059727
1347753006297 1467731018727
1347754017297 1467732119727
1347763116297 1467742028727
1347764127297 1467743129727
1347773226297 1467753038727
1347774237297 1467754139727
1347783336297 1467764048727
1347784347297 1467765149727
1347793446297 1467775058727
1347794457297 1467776159727
1347845007297 1467831209727
1347854106297 1467841118727
1347855117297 1467842219727
1347863205297 1467851027727
1347864216297 1467852128727
1347865227297 1467853229727
1347873315297 1467862037727
1347874326297 1467863138727
1347875337297 1467864239727
1347883425297 1467873047727
1347884436297 1467874148727
1347885447297 1467875249727
1347893535297 1467884057727
1347894546297 1467885158727
1347895557297 1467886259727
1347946107297 1467941309727
1347955206297 1467951218727
1347956217297 1467952319727
1347964305297 1467961127727
1347965316297 1467962228727
1347966327297 1467963329727
1347973404297 1467971036727
1347974415297 1467972137727
1347975426297 1467973238727
1347976437297 1467974339727
1347983514297 1467982046727
1347984525297 1467983147727
1347985536297 1467984248727
1347986547297 1467985349727
1347993624297 1467993056727
1347994635297 1467994157727
1347995646297 1467995258727
1347996657297 1467996359727
1348061557297 1469519232727
1348152458297 1469618323727
1348243359297 1469717414727
1348674027297 1468734029727
1348684137297 1468745039727
1348694247297 1468756049727
1348764006297 1468832018727
1348765017297 1468833119727
1348774116297 1468843028727
1348775127297 1468844129727
1348784226297 1468854038727
1348785237297 1468855139727
1348794336297 1468865048727
1348795347297 1468866149727
1348856007297 1468932209727
1348865106297 1468942118727
1348866117297 1468943219727
1348874205297 1468952027727
1348875216297 1468953128727
1348876227297 1468954229727
1348884315297 1468963037727
1348885326297 1468964138727
1348886337297 1468965239727
1348894425297 1468974047727
1348895436297 1468975148727
1348896447297 1468976249727
1349685027297 1469835029727
1349695137297 1469846039727
1349775006297 1469933018727
1349776017297 1469934119727
1349785116297 1469944028727
1349786127297 1469945129727
1349795226297 1469955038727
1349796237297 1469956139727
1350457140597 1484005494327
1350467151597 1484016495327
1350477162597 1484027496327
1350487173597 1484038497327
1350497184597 1484049498327
1351368141597 1485006585327
1351378152597 1485017586327
1351388163597 1485028587327
1351398174597 1485039588327
1351458240597 1485105594327
1351468251597 1485116595327
1351478262597 1485127596327
1351488273597 1485138597327
1351498284597 1485149598327
1352279142597 1486007676327
1352289153597 1486018677327
1352299164597 1486029678327
1352369241597 1486106685327
1352379252597 1486117686327
1352389263597 1486128687327
1352399274597 1486139688327
1352459340597 1486205694327
1352469351597 1486216695327
1352479362597 1486227696327
1352489373597 1486238697327
1352499384597 1486249698327
1353271488597 1488597135327
1362700149897 1498970013627
1363872051897 1497413079627
1363973161897 1497524089627
1364782041897 1498412169627
1364873040897 1498512078627
1364883151897 1498523179627
1364974150897 1498623088627
1364984261897 1498634189627
1365692031897 1499411259627
1365783030897 1499511168627
1365793141897 1499522269627
1365884140897 1499622178627
1365894251897 1499633279627
1365985250897 1499733188627
1365995361897 1499744289627
1366203602897 1378623510197
1366302603897 1378723411197
1366401604897 1378823312197
1366500605897 1378923213197
1371504925197 1495074801627
1371628495197 1495198371627
1372413935197 1496065711627
1372504836197 1496164802627
1373322945197 1497056621627
1373413846197 1497155712627
1373504747197 1497254803627
1374231955197 1498047531627
1374322856197 1498146622627
1374413757197 1498245713627
1374495319197 1498065195627
1374504658197 1498344804627
1375140965197 1499038441627
1375231866197 1499137532627
1375322767197 1499236623627
1375413668197 1499335714627
1375495408197 1499155194627
1375504569197 1499434805627
1376483961197 1499139734627
1387236118497 1388372161497
1400435712927 1413026917227
1400535813927 1413127918227
1400635914927 1413228919227
1400767548927 1414619896227
1401383252927 1415382930227
1401436722927 1414036927227
1401473343927 1415473921227
1401536823927 1414137928227
1401563434927 1415564912227
1401636924927 1414238929227
1401653525927 1415655903227
1402284162927 1416292840227
1402374253927 1416383831227
1402437732927 1415046937227
1402464344927 1416474822227
1402537833927 1415147938227
1402554435927 1416565813227
1402637934927 1415248939227
1402644526927 1416656804227
1403275163927 1417293741227
1403365254927 1417384732227
1403438742927 1416056947227
1403455345927 1417475723227
1403538843927 1416157948227
1403545436927 1417566714227
1403635527927 1417657705227
1403638944927 1416258949227
1404266164927 1418294642227
1404356255927 1418385633227
1404439752927 1417066957227
1404446346927 1418476624227
1404522921927 1417036096227
1404536437927 1418567615227
1404539853927 1417167958227
1404626528927 1418658606227
1404639954927 1417268959227
1405257165927 1419295543227
1405347256927 1419386534227
1405437347927 1419477525227
1405527438927 1419568516227
1405617529927 1419659507227
1430293454827 1444581942127
1430383545827 1444672933127
1430473636827 1444763924127
1430563727827 1444854915127
1430653818827 1444945906127
1431194364827 1445491852127
1431284455827 1445582843127
1431374546827 1445673834127
1431464637827 1445764825127
1431554728827 1445855816127
1431644819827 1445946807127
1432185365827 1446492753127
1432275456827 1446583744127
1432365547827 1446674735127
1432455638827 1446765726127
1432545729827 1446856717127
1433176366827 1447493654127
1433266457827 1447584645127
1433356548827 1447675636127
1433446639827 1447766627127
1434167367827 1448494555127
1434257458827 1448585546127
1434347549827 1448676537127
1435158368827 1449495456127
1435248459827 1449586447127
1460194657727 1474781855027
1460284748727 1474872846027
1460374839727 1474963837027
1461095567727 1475691765027
1461185658727 1475782756027
1461275749727 1475873747027
1462086568727 1476692666027
1462176659727 1476783657027
1463077569727 1477693567027
1520495266757 1535684861057
1520585357757 1535775852057
1520675448757 1535866843057
1520765539757 1535957834057
1521396176757 1536594771057
1521486267757 1536685762057
1521576358757 1536776753057
1521666449757 1536867744057
1522387177757 1537595672057
1522413320757 1536253302057
1522477268757 1537686663057
1522512321757 1536353203057
1522567359757 1537777654057
1522611322757 1536453104057
1522710323757 1536553005057
1523378178757 1538596573057
1523403330757 1537252312057
1523468269757 1538687564057
1523502331757 1537352213057
1523601332757 1537452114057
1523700333757 1537552015057
1524369179757 1539597474057
1564013540957 1578231702257
1564112541957 1578331603257
1564211542957 1578431504257
1564310543957 1578531405257
1565003550957 1579230712257
1565102551957 1579330613257
1565201552957 1579430514257
1565300553957 1579530415257
1600886168787 1616878860087
1600976259787 1616969851087
1601616011787 1760001772617
1601626022787 1760012773617
1601636033787 1760023774617
1601646044787 1760034775617
1601656055787 1760045776617
1601666066787 1760056777617
1601676077787 1760067778617
1601686088787 1760078779617
1601706110787 1760100781617
1601716121787 1760111782617
1601726132787 1760122783617
1601736143787 1760133784617
1601746154787 1760144785617
1601756165787 1760155786617
1601766176787 1760166787617
1601776187787 1760177788617
1601786198787 1760188789617
1601787078787 1617788770087
1601806220787 1760210791617
1601816231787 1760221792617
1601826242787 1760232793617
1601836253787 1760243794617
1601846264787 1760254795617
1601856275787 1760265796617
1601866286787 1760276797617
1601876297787 1760287798617
1601877169787 1617879761087
1602527012787 1761002863617
1602537023787 1761013864617
1602547034787 1761024865617
1602557045787 1761035866617
1602567056787 1761046867617
1602577067787 1761057868617
1602587078787 1761068869617
1602617111787 1761101872617
1602627122787 1761112873617
1602637133787 1761123874617
1602647144787 1761134875617
1602657155787 1761145876617
1602667166787 1761156877617
1602677177787 1761167878617
1602687188787 1761178879617
1602706101787 1617276010087
1602707210787 1761200881617
1602717221787 1761211882617
1602727232787 1761222883617
1602737243787 1761233884617
1602747254787 1761244885617
1602757265787 1761255886617
1602767276787 1761266887617
1602777287787 1761277888617
1602778079787 1618789671087
1602787298787 1761288889617
1602807320787 1761310891617
1602817331787 1761321892617
1602827342787 1761332893617
1602837353787 1761343894617
1602847364787 1761354895617
1602857375787 1761365896617
1602867386787 1761376897617
1602877397787 1761387898617
1603438013787 1762003954617
1603448024787 1762014955617
1603458035787 1762025956617
1603468046787 1762036957617
1603478057787 1762047958617
1603488068787 1762058959617
1603528112787 1762102963617
1603538123787 1762113964617
1603548134787 1762124965617
1603558145787 1762135966617
1603568156787 1762146967617
1603578167787 1762157968617
1603588178787 1762168969617
1603618211787 1762201972617
1603628222787 1762212973617
1603638233787 1762223974617
1603648244787 1762234975617
1603658255787 1762245976617
1603668266787 1762256977617
1603678277787 1762267978617
1603688288787 1762278979617
1603708310787 1762300981617
1603718321787 1762311982617
1603728332787 1762322983617
1603738343787 1762333984617
1603748354787 1762344985617
1603758365787 1762355986617
1603768376787 1762366987617
1603778387787 1762377988617
1603788398787 1762388989617
1603808420787 1762410991617
1603818431787 1762421992617
1603828442787 1762432993617
1603838453787 1762443994617
1603848464787 1762454995617
1603858475787 1762465996617
1603868486787 1762476997617
1603878497787 1762487998617
1606171766787 1766787160617
1607618766787 1766788607617
1607757618787 1766607779617
1607850380787 1765280098617
1607860491787 1765291199617
1608667617787 1767607688617
1608761876787 1767886087617
1608768728787 1767718789617
1608770481787 1766290289617
1608861480787 1766390198617
1609577616787 1768607597617
1609678727787 1768718698617
1609779838787 1768829799617
1615157506087 1760505851617
1615258517087 1760615952617
1616167616087 1761606861617
1616268627087 1761716962617
1616600037087 1760511019617
1616610147087 1760522029617
1616620257087 1760533039617
1616630367087 1760544049617
1616640477087 1760555059617
1616650587087 1760566069617
1616660697087 1760577079617
1616700126087 1760620018617
1616701137087 1760621119617
1616710236087 1760631028617
1616711247087 1760632129617
1616720346087 1760642038617
1616721357087 1760643139617
1616730456087 1760653048617
1616731467087 1760654149617
1616740566087 1760664058617
1616741577087 1760665159617
1616750676087 1760675068617
1616751687087 1760676169617
1616760786087 1760686078617
1616761797087 1760687179617
1616770896087 1760697088617
1616801226087 1760730118617
1616802237087 1760731219617
1616810325087 1760740027617
1616811336087 1760741128617
1616812347087 1760742229617
1616820435087 1760751037617
1616821446087 1760752138617
1616822457087 1760753239617
1616830545087 1760762047617
1616831556087 1760763148617
1616832567087 1760764249617
1616840655087 1760773057617
1616841666087 1760774158617
1616842677087 1760775259617
1616850765087 1760784067617
1616851776087 1760785168617
1616852787087 1760786269617
1616860875087 1760795077617
1616861886087 1760796178617
1616862897087 1760797279617
1616902326087 1760840218617
1616903337087 1760841319617
1616911425087 1760850127617
1616912436087 1760851228617
1616913447087 1760852329617
1616920524087 1760860036617
1616921535087 1760861137617
1616922546087 1760862238617
1616923557087 1760863339617
1616930634087 1760871046617
1616931645087 1760872147617
1616932656087 1760873248617
1616933667087 1760874349617
1616940744087 1760882056617
1616941755087 1760883157617
1616942766087 1760884258617
1616943777087 1760885359617
1616950854087 1760893066617
1616951865087 1760894167617
1616952876087 1760895268617
1616953887087 1760896369617
1617177726087 1762707871617
1617278737087 1762817972617
1617611037087 1761612019617
1617621147087 1761623029617
1617631257087 1761634039617
1617641367087 1761645049617
1617651477087 1761656059617
1617661587087 1761667069617
1617671697087 1761678079617
1617701016087 1761710008617
1617702027087 1761711109617
1617711126087 1761721018617
1617712137087 1761722119617
1617721236087 1761732028617
1617722247087 1761733129617
1617731346087 1761743038617
1617732357087 1761744139617
1617741456087 1761754048617
1617742467087 1761755149617
1617751566087 1761765058617
1617752577087 1761766159617
1617761676087 1761776068617
1617762687087 1761777169617
1617771786087 1761787078617
1617772797087 1761788179617
1617781896087 1761798088617
1617802116087 1761820108617
1617803127087 1761821209617
1617811215087 1761830017617
1617812226087 1761831118617
1617813237087 1761832219617
1617821325087 1761841027617
1617822336087 1761842128617
1617823347087 1761843229617
1617831435087 1761852037617
1617832446087 1761853138617
1617833457087 1761854239617
1617841545087 1761863047617
1617842556087 1761864148617
1617843567087 1761865249617
1617851655087 1761874057617
1617852666087 1761875158617
1617853677087 1761876259617
1617861765087 1761885067617
1617862776087 1761886168617
1617863787087 1761887269617
1617871875087 1761896077617
1617872886087 1761897178617
1617873897087 1761898279617
1617903216087 1761930208617
1617904227087 1761931309617
1617912315087 1761940117617
1617913326087 1761941218617
1617914337087 1761942319617
1617921414087 1761950026617
1617922425087 1761951127617
1617923436087 1761952228617
1617924447087 1761953329617
1617931524087 1761961036617
1617932535087 1761962137617
1617933546087 1761963238617
1617934557087 1761964339617
1617941634087 1761972046617
1617942645087 1761973147617
1617943656087 1761974248617
1617944667087 1761975349617
1617951744087 1761983056617
1617952755087 1761984157617
1617953766087 1761985258617
1617954777087 1761986359617
1617961854087 1761994066617
1617962865087 1761995167617
1617963876087 1761996268617
1617964887087 1761997369617
1618187836087 1763808881617
1618288847087 1763918982617
1618622037087 1762713019617
1618632147087 1762724029617
1618642257087 1762735039617
1618652367087 1762746049617
1618662477087 1762757059617
1618672587087 1762768069617
1618682697087 1762779079617
1618712016087 1762811008617
1618713027087 1762812109617
1618722126087 1762822018617
1618723137087 1762823119617
1618732236087 1762833028617
1618733247087 1762834129617
1618742346087 1762844038617
1618743357087 1762845139617
1618752456087 1762855048617
1618753467087 1762856149617
1618762566087 1762866058617
1618763577087 1762867159617
1618772676087 1762877068617
1618773687087 1762878169617
1618782786087 1762888078617
1618783797087 1762889179617
1618792896087 1762899088617
1618812105087 1762920007617
1618813116087 1762921108617
1618814127087 1762922209617
1618822215087 1762931017617
1618823226087 1762932118617
1618824237087 1762933219617
1618832325087 1762942027617
1618833336087 1762943128617
1618834347087 1762944229617
1618842435087 1762953037617
1618843446087 1762954138617
1618844457087 1762955239617
1618852545087 1762964047617
1618853556087 1762965148617
1618854567087 1762966249617
1618862655087 1762975057617
1618863666087 1762976158617
1618864677087 1762977259617
1618872765087 1762986067617
1618873776087 1762987168617
1618874787087 1762988269617
1618882875087 1762997077617
1618883886087 1762998178617
1618884897087 1762999279617
1619197946087 1764909891617
1619633037087 1763814019617
1619643147087 1763825029617
1619653257087 1763836039617
1619663367087 1763847049617
1619673477087 1763858059617
1619683587087 1763869069617
1619723016087 1763912008617
1619724027087 1763913109617
1619733126087 1763923018617
1619734137087 1763924119617
1619743236087 1763934028617
1619744247087 1763935129617
1619753346087 1763945038617
1619754357087 1763946139617
1619763456087 1763956048617
1619764467087 1763957149617
1619773566087 1763967058617
1619774577087 1763968159617
1619783676087 1763978068617
1619784687087 1763979169617
1619793786087 1763989078617
1620763050387 1781042285217
1620773061387 1781053286217
1620783072387 1781064287217
1620793083387 1781075288217
1620863160387 1781152295217
1620873171387 1781163296217
1620883182387 1781174297217
1620893193387 1781185298217
1621664040387 1782032375217
1621674051387 1782043376217
1621684062387 1782054377217
1621694073387 1782065378217
1621700178387 1783870016217
1621764150387 1782142385217
1621774161387 1782153386217
1621784172387 1782164387217
1621794183387 1782175388217
1621864260387 1782252395217
1621874271387 1782263396217
1621884282387 1782274397217
1621894293387 1782285398217
1622171784387 1784387162217
1622565030387 1783022465217
1622575041387 1783033466217
1622585052387 1783044467217
1622595063387 1783055468217
1622601079387 1784861007217
1622665140387 1783132475217
1622675151387 1783143476217
1622685162387 1783154477217
1622695173387 1783165478217
1622765250387 1783242485217
1622775261387 1783253486217
1622785272387 1783264487217
1622795283387 1783275488217
1622865360387 1783352495217
1622875371387 1783363496217
1622885382387 1783374497217
1622895393387 1783385498217
1623466020387 1784012555217
1623476031387 1784023556217
1623486042387 1784034557217
1623496053387 1784045558217
1623566130387 1784122565217
1623576141387 1784133566217
1623586152387 1784144567217
1623596163387 1784155568217
1623666240387 1784232575217
1623676251387 1784243576217
1623686262387 1784254577217
1623696273387 1784265578217
1623766350387 1784342585217
1623776361387 1784353586217
1623786372387 1784364587217
1623796383387 1784375588217
1623866460387 1784452595217
1623876471387 1784463596217
1623886482387 1784474597217
1623896493387 1784485598217
1624367010387 1785002645217
1624377021387 1785013646217
1624387032387 1785024647217
1624397043387 1785035648217
1624467120387 1785112655217
1624477131387 1785123656217
1624487142387 1785134657217
1624497153387 1785145658217
1624567230387 1785222665217
1624577241387 1785233666217
1624587252387 1785244667217
1624597263387 1785255668217
1624667340387 1785332675217
1624677351387 1785343676217
1624687362387 1785354677217
1624697373387 1785365678217
1624767450387 1785442685217
1624777461387 1785453686217
1624787472387 1785464687217
1624797483387 1785475688217
1624867560387 1785552695217
1624877571387 1785563696217
1624887582387 1785574697217
1624897593387 1785585698217
1625278011387 1786003736217
1625288022387 1786014737217
1625288909387 1771548981917
1625298033387 1786025738217
1625368110387 1786102745217
1625378121387 1786113746217
1625388132387 1786124747217
1625398143387 1786135748217
1625468220387 1786212755217
1625478231387 1786223756217
1625488242387 1786234757217
1625498253387 1786245758217
1625568330387 1786322765217
1625578341387 1786333766217
1625588352387 1786344767217
1625598363387 1786355768217
1625668440387 1786432775217
1625678451387 1786443776217
1625688462387 1786454777217
1625698473387 1786465778217
1625768550387 1786542785217
1625778561387 1786553786217
1625788572387 1786564787217
1625798583387 1786575788217
1625868660387 1786652795217
1625878671387 1786663796217
1625888682387 1786674797217
1625898693387 1786685798217
1625910639387 1770650458917
1625920749387 1770661468917
1625930859387 1770672478917
1625940969387 1770683488917
1626189012387 1787004827217
1626199023387 1787015828217
1626279111387 1787103836217
1626289122387 1787114837217
1626299133387 1787125838217
1626369210387 1787202845217
1626379221387 1787213846217
1626389232387 1787224847217
1626399243387 1787235848217
1626469320387 1787312855217
1626479331387 1787323856217
1626489342387 1787334857217
1626499353387 1787345858217
1626569430387 1787422865217
1626579441387 1787433866217
1626589452387 1787444867217
1626599463387 1787455868217
1626669540387 1787532875217
1626679551387 1787543876217
1626689562387 1787554877217
1626699573387 1787565878217
1626769650387 1787642885217
1626779661387 1787653886217
1626789672387 1787664887217
1626799683387 1787675888217
1626810429387 1771630348917
1626820539387 1771641358917
1626830649387 1771652368917
1626840759387 1771663378917
1626850869387 1771674388917
1626860979387 1771685398917
1626869760387 1787752895217
1626879771387 1787763896217
1626889782387 1787774897217
1626899793387 1787785898217
1626911529387 1771740448917
1626920628387 1771750357917
1626921639387 1771751458917
1626930738387 1771761367917
1626931749387 1771762468917
1626940848387 1771772377917
1626941859387 1771773478917
1626950958387 1771783387917
1626951969387 1771784488917
1627135808387 1773737520917
1627226709387 1773836611917
1627710219387 1772610238917
1627720329387 1772621248917
1627730439387 1772632258917
1627740549387 1772643268917
1627750659387 1772654278917
1627760769387 1772665288917
1627770879387 1772676298917
1627811319387 1772720338917
1627820418387 1772730247917
1627821429387 1772731348917
1627830528387 1772741257917
1627831539387 1772742358917
1627840638387 1772752267917
1627841649387 1772753368917
1627850748387 1772763277917
1627851759387 1772764378917
1627860858387 1772774287917
1627861869387 1772775388917
1627870968387 1772785297917
1627871979387 1772786398917
1627912419387 1772830438917
1627921518387 1772840347917
1627922529387 1772841448917
1627930617387 1772850256917
1627931628387 1772851357917
1627932639387 1772852458917
1627940727387 1772861266917
1627941738387 1772862367917
1627942749387 1772863468917
1627950837387 1772872276917
1627951848387 1772873377917
1627952859387 1772874478917
1627960947387 1772883286917
1627961958387 1772884387917
1627962969387 1772885488917
1628044818387 1774728430917
1628135719387 1774827521917
1628620119387 1773601138917
1628630229387 1773612148917
1628640339387 1773623158917
1628650449387 1773634168917
1628660559387 1773645178917
1628670669387 1773656188917
1628680779387 1773667198917
1628711109387 1773700228917
1628720208387 1773710137917
1628721219387 1773711238917
1628730318387 1773721147917
1628731329387 1773722248917
1628740428387 1773732157917
1628741439387 1773733258917
1628750538387 1773743167917
1628751549387 1773744268917
1628760648387 1773754177917
1628761659387 1773755278917
1628770758387 1773765187917
1628771769387 1773766288917
1628780868387 1773776197917
1628781879387 1773777298917
1628812209387 1773810328917
1628821308387 1773820237917
1628822319387 1773821338917
1628830407387 1773830146917
1628831418387 1773831247917
1628832429387 1773832348917
1628840517387 1773841156917
1628841528387 1773842257917
1628842539387 1773843358917
1628850627387 1773852166917
1628851638387 1773853267917
1628852649387 1773854368917
1628860737387 1773863176917
1628861748387 1773864277917
1628862759387 1773865378917
1628870847387 1773874186917
1628871858387 1773875287917
1628872869387 1773876388917
1628880957387 1773885196917
1628881968387 1773886297917
1628882979387 1773887398917
1628913309387 1773920428917
1628922408387 1773930337917
1628923419387 1773931438917
1628931507387 1773940246917
1628932518387 1773941347917
1628933529387 1773942448917
1628940606387 1773950155917
1628941617387 1773951256917
1628942628387 1773952357917
1628943639387 1773953458917
1628950716387 1773961165917
1628951727387 1773962266917
1628952738387 1773963367917
1628953749387 1773964468917
1628960826387 1773972175917
1628961837387 1773973276917
1628962848387 1773974377917
1628963859387 1773975478917
1628970936387 1773983185917
1628971947387 1773984286917
1628972958387 1773985387917
1628973969387 1773986488917
1629044729387 1775818431917
1629323390387 1773074406917
1629540129387 1774603048917
1629550239387 1774614058917
1629560349387 1774625068917
1629570459387 1774636078917
1629580569387 1774647088917
1629590679387 1774658098917
1629630108387 1774701037917
1629631119387 1774702138917
1629640218387 1774712047917
1629641229387 1774713148917
1629650328387 1774723057917
1629651339387 1774724158917
1629660438387 1774734067917
1629661449387 1774735168917
1629670548387 1774745077917
1629671559387 1774746178917
1629680658387 1774756087917
1629681669387 1774757188917
1629690768387 1774767097917
1629691779387 1774768198917
1629722109387 1774801228917
1629731208387 1774811137917
1629732219387 1774812238917
1629740307387 1774821046917
1629741318387 1774822147917
1629742329387 1774823248917
1629750417387 1774832056917
1629751428387 1774833157917
1629752439387 1774834258917
1629760527387 1774843066917
1629761538387 1774844167917
1629762549387 1774845268917
1629770637387 1774854076917
1629771648387 1774855177917
1629772659387 1774856278917
1629780747387 1774865086917
1629781758387 1774866187917
1629782769387 1774867288917
1629790857387 1774876096917
1629791868387 1774877197917
1629792879387 1774878298917
1629823209387 1774911328917
1629832308387 1774921237917
1629833319387 1774922338917
1629841407387 1774931146917
1629842418387 1774932247917
1629843429387 1774933348917
1629850506387 1774941055917
1629851517387 1774942156917
1629852528387 1774943257917
1629853539387 1774944358917
1629860616387 1774952065917
1629861627387 1774953166917
1629862638387 1774954267917
1629863649387 1774955368917
1629870726387 1774963075917
1629871737387 1774964176917
1629872748387 1774965277917
1629873759387 1774966378917
1629880836387 1774974085917
1629881847387 1774975186917
1629882858387 1774976287917
1629883869387 1774977388917
1629890946387 1774985095917
1629891957387 1774986196917
1629892968387 1774987297917
1629893979387 1774988398917
1630747020687 1792013582517
1630757031687 1792024583517
1630767042687 1792035584517
1630777053687 1792046585517
1630787064687 1792057586517
1630797075687 1792068587517
1630847130687 1792123592517
1630857141687 1792134593517
1630867152687 1792145594517
1630877163687 1792156595517
1630887174687 1792167596517
1630897185687 1792178597517
1631648010687 1793003672517
1631658021687 1793014673517
1631668032687 1793025674517
1631678043687 1793036675517
1631688054687 1793047676517
1631698065687 1793058677517
1631748120687 1793113682517
1631758131687 1793124683517
1631768142687 1793135684517
1631778153687 1793146685517
1631788164687 1793157686517
1631798175687 1793168687517
1631848230687 1793223692517
1631858241687 1793234693517
1631868252687 1793245694517
1631878263687 1793256695517
1631888274687 1793267696517
1631898285687 1793278697517
1632559011687 1794004763517
1632569022687 1794015764517
1632579033687 1794026765517
1632589044687 1794037766517
1632599055687 1794048767517
1632649110687 1794103772517
1632659121687 1794114773517
1632669132687 1794125774517
1632679143687 1794136775517
1632689154687 1794147776517
1632699165687 1794158777517
1632749220687 1794213782517
1632759231687 1794224783517
1632769242687 1794235784517
1632779253687 1794246785517
1632789264687 1794257786517
1632799275687 1794268787517
1632849330687 1794323792517
1632859341687 1794334793517
1632869352687 1794345794517
1632879363687 1794356795517
1632889374687 1794367796517
1632899385687 1794378797517
1635171798687 1798687163517
1637990260687 1798371069517
1640666782987 1654076888287
1640776893987 1654187899287
1641657781987 1655075987287
1641767892987 1655186998287
1643316311987 1658255400287
1643415312987 1658355301287
1643514313987 1658455202287
1643613314987 1658555103287
1643712315987 1658655004287
1644306321987 1659254410287
1644405322987 1659354311287
1644504323987 1659454212287
1644603324987 1659554113287
1644702325987 1659654014287
1670385741887 1684038757187
1670495852887 1684149768187
1671376740887 1685037856187
1671486851887 1685148867187
1671596962887 1685259878187
1672016701887 1687216700187
1672115702887 1687316601187
1672214703887 1687416502187
1672313704887 1687516403187
1672412705887 1687616304187
1672477850887 1686147966187
1672511706887 1687716205187
1672587961887 1686258977187
1672610707887 1687816106187
1673006711887 1688215710187
1673105712887 1688315611187
1673204713887 1688415512187
1673303714887 1688515413187
1673402715887 1688615314187
1673501716887 1688715215187
1673600717887 1688815116187
1700286271817 1717271960117
1700288711817 1717119870117
1700376362817 1717362951117
1700466453817 1717453942117
1700556544817 1717544933117
1700646635817 1717635924117
1700727701817 1716018807117
1700736726817 1717726915117
1700826817817 1717817906117
1700827802817 1716119808117
1700987727817 1717808986117
1701160288817 1719871160117
1701187181817 1718181870117
1701277272817 1718272861117
1701288812817 1718129871117
1701367363817 1718363852117
1701457454817 1718454843117
1701547545817 1718545834117
1701611070817 1717080106117
1701637636817 1718636825117
1701710071817 1717180007117
1701727727817 1718727816117
1701728711817 1717028817117
1701817818817 1718818807117
1701828812817 1717129818117
1701988828817 1718819987117
1702088091817 1719091780117
1702178182817 1719182771117
1702268273817 1719273762117
1702288913817 1719139872117
1702358364817 1719364753117
1702448455817 1719455744117
1702538546817 1719546735117
1702628637817 1719637726117
1702718728817 1719728717117
1702729721817 1718038827117
1702808819817 1719819708117
1702829822817 1718139828117
1702898138817 1719722997117
1710071277117 1711781160117
1711298228117 1712822981117
1730097383717 1747380882017
1730187474717 1747471873017
1730277565717 1747562864017
1730311460717 1746041406017
1730367656717 1747653855017
1730410461717 1746141307017
1730457747717 1747744846017
1730547838717 1747835837017
1730637929717 1747926828017
1731088384717 1748381783017
1731178475717 1748472774017
1731268566717 1748563765017
1731301470717 1747040416017
1731358657717 1748654756017
1731400471717 1747140317017
1731448748717 1748745747017
1731538839717 1748836738017
1732079385717 1749382684017
1732169476717 1749473675017
1732259567717 1749564666017
1732349658717 1749655657017
1732439749717 1749746648017
1771196897917 1788890976217
1771286988917 1788981967217
1772187898917 1789891877217
1772277989917 1789982868217
1820497395847 1838683981147
1820514241847 1837064204147
1820587486847 1838774972147
1820613242847 1837164105147
1820677577847 1838865963147
1820712243847 1837264006147
1820767668847 1838956954147
1821488396847 1839684882147
1821504251847 1838063214147
1821578487847 1839775873147
1821603252847 1838163115147
1821668578847 1839866864147
1821702253847 1838263016147
1821758669847 1839957855147
1830054487147 1831884340147
1850204641747 1867024514047
1850303642747 1867124415047
1850398598747 1868883894047
1850402643747 1867224316047
1850488689747 1868974885047
1850501644747 1867324217047
1850600645747 1867424118047
1851389599747 1869884795047
1930517222977 1948067202277
1930616223977 1948167103277
1930715224977 1948267004277
1931507232977 1949066212277
1931606233977 1949166113277
1931705234977 1949266014277
1960207622877 1978027512177
1960306623877 1978127413177
1960405624877 1978227314177
1960504625877 1978327215177
1960603626877 1978427116177
1960702627877 1978527017177
3000290904669 3200094960609
3000802200669 3220866000009
3000812203669 3221866300009
3000822206669 3222866600009
3000832209669 3223866900009
3000892164669 3020876760069
3000902230669 3220966030009
3000912233669 3221966330009
3000922236669 3222966630009
3000929094669 3200949690609
3000932239669 3223966930009
3000983094669 3020967690069
3000992187669 3021876990069
3001802500669 3220876003009
3001812503669 3221876303009
3001822506669 3222876603009
3001832509669 3223876903009
3001892394669 3020976783069
3001902530669 3220976033009
3001912533669 3221976333009
3001919394669 3200959593609
3001922536669 3222976633009
3001929297669 3201949893609
3001932539669 3223976933009
3002036904669 3020036946069
3002230900669 3220030966009
3002306094669 3200306496609
3002475282669 3211588563309
3002503830669 3220323696009
3002802800669 3220886006009
3002812803669 3221886306009
3002822806669 3222886606009
3002832809669 3223886906009
3002847762669 3011858673369
3002902830669 3220986036009
3002909694669 3200969496609
3002912833669 3221986336009
3002919597669 3201959796609
3002922836669 3222986636009
3002932839669 3223986936009
3003518951669 3021538793069
3003757955669 3012768866369
3003909897669 3201969699609
3004228440669 3224448660009
3004428052669 3214749430309
3004975173669 3005957550669
3004985096669 3006949850669
3005038187669 3203218769609
3005038934669 3023056976069
3005308394669 3203506796609
3005367271669 3203787433609
3005977396669 3006959773669
3006092304669 3206496300609
3006192507669 3207498330609
3006223660669 3226663660009
3006423072669 3216954330309
3006790523669 3007692530669
3006890746669 3008694760669
3006902034669 3026946030069
3006912057669 3027948330069
3006990969669 3009696990669
3007094334669 3206596503609
3007194537669 3207598533609
3007226663669 3227666663009
3007426175669 3217957433309
3007814127669 3027858123069
3007892976669 3008794983669
3007904334669 3026956053069
3007914357669 3027958353069
3008096364669 3206696706609
3008196567669 3207698736609
3008229666669 3228669666009
3008816427669 3027868146069
3008906634669 3026966076069
3008916657669 3027968376069
3009000223669 3229660003009
3009010253669 3229760303009
3009020283669 3229860603009
3009098394669 3206796909609
3009100523669 3229670033009
3009110553669 3229770333009
3009120583669 3229870633009
3009198597669 3207798939609
3009200823669 3229680063009
3009210853669 3229780363009
3009220883669 3229880663009
3009538991669 3205994399609
3009818727669 3027878169069
3009908934669 3026976099069
3009918957669 3027978399069
3010804200369 3210864000309
3010814203369 3211864300309
3010824206369 3212864600309
3010834209369 3213864900309
3010893555369 3011793762369
3010904230369 3210964030309
3010914233369 3211964330309
3010923876369 3210763896309
3010924236369 3212964630309
3010934239369 3213964930309
3010984485369 3011884692369
3010993578369 3012793992369
3011230903369 3211030963309
3011804500369 3210874003309
3011814503369 3211874303309
3011824506369 3212874603309
3011834509369 3213874903309
3011904530369 3210974033309
3011914533369 3211974333309
3011924536369 3212974633309
3011934539369 3213974933309
3012006807369 3021006738069
3012300090369 3210300096309
3012728496369 3212748696309
3012804800369 3210884006309
3012814803369 3211884306309
3012824806369 3212884606309
3012834809369 3213884906309
3012904830369 3210984036309
3012914833369 3211984336309
3012924836369 3212984636309
3012934839369 3213984936309
3013397217369 3023398425069
3014108844369 3023117775069
3014148270369 3214528830309
3014570718369 3206783640609
3015018837369 3024027768069
3015041283369 3213221469309
3015312390369 3213510396309
3015561915369 3205792443609
3016153390369 3216733930309
3016528076369 3216948236309
3016934055369 3017926332369
3016944078369 3018928632369
3017079684369 3025359948069
3017156393369 3217736933309
3017650257369 3028673442069
3017846148369 3018838425369
3017946378369 3018938655369
3018049947369 3229359786009
3018053583369 3216431769309
3018159396369 3218739936309
3018324690369 3216720696309
3018460041369 3026750205069
3018561264369 3027762435069
3018662487369 3028774665069
3019004464369 3027202558069
3019030123369 3219630103309
3019040153369 3219730403309
3019050183369 3219830703309
3019130423369 3219640133309
3019140453369 3219740433309
3019150483369 3219840733309
3019230723369 3219650163309
3019240753369 3219750463309
3019250783369 3219850763309
3019472271369 3026851428069
3019573494369 3027863658069
3020009046069 3200009406609
3020230906069 3202030960609
3020806200069 3200862000609
3020816203069 3201862300609
3020826206069 3202862600609
3020836209069 3203862900609
3020906230069 3200962030609
3020916233069 3201962330609
3020926236069 3202962630609
3020936239069 3203962930609
3021008049069 3201008409609
3021806500069 3200872003609
3021816503069 3201872303609
3021826506069 3202872603609
3021836509069 3203872903609
3021906530069 3200972033609
3021916533069 3201972333609
3021926536069 3202972633609
3021936539069 3203972933609
3022147705069 3224147923009
3022171942069 3224173780009
3022174635069 3224176653009
3022177328069 3224179526009
3022226082069 3222206286009
3022443935069 3224463953009
3022446628069 3224466826009
3022470865069 3224492683009
3022473558069 3224495556009
3022742858069 3224782856009
3022806800069 3200882006609
3022816803069 3201882306609
3022826806069 3202882606609
3022836809069 3203882906609
3022906830069 3200982036609
3022916833069 3201982336609
3022926836069 3202982636609
3022936839069 3203982936609
3023000009069 3203000009609
3023030239069 3203032039609
3023060469069 3203064069609
3023090699069 3203096099609
3023302309069 3203320309609
3023332539069 3203352339609
3023362769069 3203384369609
3023604609069 3203640609609
3023634839069 3203672639609
3023770137069 3025590351069
3023862067069 3025682281069
3023906909069 3203960909609
3024084048069 3226288026009
3024221924069 3215210873309
3024612348069 3226852326009
3024781367069 3025691474069
3025095078069 3226389129009
3025136935069 3227336953009
3025139628069 3227339826009
3025163865069 3227365683009
3025166558069 3227368556009
3025193488069 3227397286009
3025435858069 3227655856009
3025462788069 3227684586009
3026023009069 3206203009609
3026053239069 3206235039609
3026083469069 3206267069609
3026325309069 3206523309609
3026352516069 3206552136609
3026355539069 3206555339609
3026382746069 3206584166609
3026385769069 3206587369609
3026627609069 3206843609609
3026654816069 3206872436609
3026657839069 3206875639609
3027066957069 3219339873309
3028214922069 3228410586009
3029046009069 3209406009609
3029060023069 3209600203609
3029070053069 3209700503609
3029076239069 3209438039609
3029080083069 3209800803609
3029160323069 3209610233609
3029170353069 3209710533609
3029180383069 3209810833609
3029260623069 3209620263609
3029270653069 3209720563609
3029280683069 3209820863609
3029348309069 3209726309609
3029360923069 3209630293609
3029370953069 3209730593609
3029375516069 3209755136609
3029378539069 3209758339609
3029380983069 3209830893609
3030494162769 3150779433039
3030595175769 3151789563039
3030618788769 3121527996939
3030674142769 3141787330339
3030696188769 3152799693039
3031785385769 3142898573339
3031929762769 3132949870639
3034519188769 3124618279939
3034675262769 3134886243639
3034819275769 3124927276939
3036215732769 3157564560039
3036414142769 3147745130339
3037228745769 3158577573039
3037427255769 3148758243339
3038535562769 3137742386639
3038570845769 3139791653639
3038678362769 3127965356939
3039438345769 3138645169639
3040493531469 3140596404339
3040585361469 3140688234339
3040686374469 3141698364339
3041142374469 3141123477339
3041595491469 3140789247339
3042163707469 3124064614939
3042186407469 3154297614039
3042621841469 3153842741039
3042786691469 3131897267639
3043922114469 3135941211639
3043932227469 3136952511639
3044049841469 3155248961039
3044123561469 3144202674339
3044147107469 3156368204039
3044153674469 3144233777339
3044923301469 3134940024639
3044933414469 3135951324639
3044943527469 3136962624639
3045172407469 3127154314939
3045600971469 3156930771039
3045934601469 3134950137639
3045944714469 3135961437639
3045954827469 3136972737639
3046140327469 3137130247639
3046170457469 3137161277639
3046244561469 3147535731339
3046441627469 3137440547639
3046471757469 3137471577639
3046742927469 3137750847639
3046930499469 3049946930469
3047050214469 3149262111339
3047134861469 3147312974339
3047257574469 3148548744339
3047457074469 3138728424639
3048691924469 3129670574939
3049629044469 3139806147639
3050388629169 3152298828039
3050676560169 3130597035639
3051129380169 3152109492039
3051365363169 3153376362039
3051661493169 3153682392039
3051686690169 3130698048639
3052286516169 3144197505339
3052973393169 3143893095339
3054326663169 3156436662039
3054356276169 3156467265039
3054622793169 3156742692039
3054860993169 3154960698039
3055014703169 3156001745039
3055278329169 3147279408339
3055316916169 3156313948039
3055965263169 3146974065339
3056273390169 3137506902639
3057317576169 3159527565039
3057347189169 3159558168039
3058036833169 3159123775039
3058637846169 3149624868339
3090900236969 3296960030909
3090910539969 3297990330909
3091920233969 3295940033909
3091930536969 3296970333909
3092673183969 3294615369909
3092940230969 3294920036909
3092946090969 3294906096909
3092950533969 3295950336909
3092960836969 3296980636909
3093706059969 3299946033909
3093808056969 3298926063909
3093970530969 3294930339909
3093980833969 3295960639909
3094391550969 3296511936909
3094726029969 3299844036909
3094828026969 3298824066909
3094839359969 3299957366909
3095675160969 3297813366909
3095859329969 3299855369909
3096810099969 3099968100969
3096900123969 3097830030969
3096900216969 3098760030969
3096900309969 3099690030969
3096901053969 3097923030969
3096901146969 3098853030969
3096901239969 3099783030969
3096902076969 3098946030969
3096902169969 3099876030969
3096903099969 3099969030969
3096910353969 3097932330969
3096910446969 3098862330969
3096910539969 3099792330969
3096911376969 3098955330969
3096911469969 3099885330969
3096912399969 3099978330969
3096920676969 3098964630969
3096920769969 3099894630969
3096921699969 3099987630969
3096930999969 3099996930969
3097830216969 3098760123969
3097830309969 3099690123969
3097831053969 3097923123969
3097831146969 3098853123969
3097831239969 3099783123969
3097832076969 3098946123969
3097832169969 3099876123969
3097833099969 3099969123969
3097840353969 3097932423969
3097840446969 3098862423969
3097840539969 3099792423969
3097841376969 3098955423969
3097841469969 3099885423969
3097842399969 3099978423969
3097850676969 3098964723969
3097850769969 3099894723969
3097851699969 3099987723969
3097923216969 3098761053969
3097923309969 3099691053969
3097924146969 3098854053969
3097924239969 3099784053969
3097925076969 3098947053969
3097925169969 3099877053969
3097932516969 3098770353969
3097933446969 3098863353969
3097933539969 3099793353969
3097934376969 3098956353969
3097934469969 3099886353969
3097935399969 3099979353969
3097942746969 3098872653969
3097943676969 3098965653969
3097943769969 3099895653969
3097944699969 3099988653969
3097952976969 3098974953969
3097953999969 3099997953969
3098760309969 3099690216969
3098761146969 3098853216969
3098761239969 3099783216969
3098762076969 3098946216969
3098762169969 3099876216969
3098763099969 3099969216969
3098770446969 3098862516969
3098770539969 3099792516969
3098771376969 3098955516969
3098771469969 3099885516969
3098772399969 3099978516969
3098780676969 3098964816969
3098780769969 3099894816969
3098781699969 3099987816969
3098853309969 3099691146969
3098854239969 3099784146969
3098855076969 3098947146969
3098855169969 3099877146969
3098863539969 3099793446969
3098864376969 3098956446969
3098864469969 3099886446969
3098865399969 3099979446969
3098873676969 3098965746969
3098873769969 3099895746969
3098874699969 3099988746969
3098946309969 3099692076969
3098947239969 3099785076969
3098948169969 3099878076969
3098956539969 3099794376969
3098957469969 3099887376969
3098966769969 3099896676969
3098967699969 3099989676969
3098976999969 3099998976969
3099691239969 3099783309969
3099692169969 3099876309969
3099693099969 3099969309969
3099785169969 3099877239969
3099794469969 3099886539969
3099795399969 3099979539969
3099897699969 3099989769969
3123130936939 3132130939639
3123394518939 3154596915039
3123484609939 3154687906039
3124385519939 3155597816039
3124577258939 3146599472339
3127556136939 3138578133639
3129064883939 3138081986639
3129360313939 3139390213639
3129370343939 3139490513639
3129380373939 3139590813639
3130064019639 3150022479039
3131487244639 3142487461339
3131830111639 3141932101339
3131840214639 3142942401339
3131850317639 3143952701339
3132598377639 3143598594339
3132840411639 3141942204339
3132850514639 3142952504339
3132860617639 3143962804339
3133850711639 3141952307339
3133860814639 3142962607339
3133870917639 3143972907339
3135609461639 3145629281339
3138607377639 3149739264339
3138707574639 3148737294339
3139609347639 3149639067339
3139709544639 3148637097339
3141390932339 3150572915039
3148408638339 3158528448039
3148509735339 3157517478039
3149038428339 3159157338039
3149272482339 3157551738039
3156021744039 3157042641039
3160386980739 3260379943809
3160584980739 3280737967209
3160822836739 3261631856809
3160840360739 3270944025509
3160850553739 3271963325509
3160860746739 3272982625509
3161067543739 3284366651209
3161607980739 3283917781209
3162189566739 3285488674209
3162411913739 3284721714209
3162513820739 3283702644209
3162736269739 3275967245509
3162902306739 3264931303809
3163372196739 3263354269809
3164054253739 3276355322509
3164082146739 3276384205509
3164333183739 3276644152509
3164361076739 3276673035509
3164933923739 3274932648509
3165177376739 3277478445509
3165807329739 3267926416809
3165908336739 3266916346809
3166191266739 3266262439809
3166473173739 3266553256809
3166755080739 3266844073809
3166918406739 3266815339809
3166929629739 3267937639809
3167084816739 3279182665509
3167094923739 3278171965509
3167122483739 3279532452509
3167150376739 3279561335509
3168095516739 3279172558509
3168248250739 3268305563809
3168644500739 3278740245509
3169292243739 3269461426809
3169574150739 3269752243809
3170257214439 3282124465209
3170298674439 3282379765209
3170466827439 3272265946509
3170930411439 3260650114809
3170982694439 3270886359509
3171275207439 3283142458209
3171581297439 3283784158209
3171706964439 3274735960509
3171808871439 3273716890509
3172175571439 3273258623509
3172256981439 3284446972209
3172284974439 3284475955209
3172592897439 3284794768209
3172612804439 3274520823509
3172714711439 3273501753509
3172827941439 3273614983509
3173947257439 3264756257809
3174083927439 3277094743509
3175173171439 3265236404809
3176296294439 3266359527809
3176339171439 3277408363509
3177080527439 3269063424809
3177090634439 3268052724809
3177091757439 3269175724809
3177192827439 3269074654809
3178091227439 3269053317809
3180297775139 3282189756209
3180335345139 3272046334509
3180545948139 3262186825809
3181353338139 3273064327509
3181873268139 3273492187509
3182539282139 3284428293209
3182915602139 3263300862809
3185491208139 3277292107509
3186231938139 3279132934509
3186306968139 3289415956209
3187896182139 3288976066209
3260436146809 3282836144209
3261177731809 3272164880509
3261567459809 3283967457209
3261650950809 3280914727209
3261742617809 3272943606509
3262287544809 3273274693509
3265106251809 3276225070509
3266229364809 3277348183509
3268013444809 3279142163509
3270722845509 3271842832509
3270835975509 3271955962509
3271327711509 3281406733209
3276286807509 3286374829209
3280380168209 3280492038209
3336331620979 3366661602079
3336430621979 3366761503079
3337321630979 3367660612079
3337420631979 3367760513079
3633335610989 3666365601089
3633434611989 3666465502089
3633533612989 3666565403089
3633632613989 3666665304089
3633731614989 3666765205089
3633830615989 3666865106089
3634325620989 3667364611089
3634424621989 3667464512089
3634523622989 3667564413089
3634622623989 3667664314089
3634721624989 3667764215089
3634820625989 3667864116089
3635315630989 3668363621089
3635414631989 3668463522089
3635513632989 3668563423089
3635612633989 3668663324089
3635711634989 3668763225089
3635810635989 3668863126089
3636305640989 3669362631089
3636404641989 3669462532089
3636503642989 3669562433089
3636602643989 3669662334089
3636701644989 3669762235089
3636800645989 3669862136089
3702633340959 3736293304059
3702732341959 3736393205059
3702831342959 3736493106059
3702930343959 3736593007059
3703623350959 3737292314059
3703722351959 3737392215059
3703821352959 3737492116059
3703920353959 3737592017059
3704613360959 3738291324059
3704712361959 3738391225059
3704811362959 3738491126059
3704910363959 3738591027059
3705603370959 3739290334059
3705702371959 3739390235059
3705801372959 3739490136059
3705900373959 3739590037059
3811531470929 3846181407029
3811630471929 3846281308029
3812521480929 3847180417029
3812620481929 3847280318029
3900756330699 3924396330099
3900886363699 3925696660099
3912429510399 3924249420099
3912727413399 3924548223099
3915408540399 3927237450099
3915706443399 3927536253099
3995143306999 3996211633999
3997620096999 3998940063999
3998066903999 3999038660999
3999013333999 3999133303999
3999026663999 3999266603999
3999039993999 3999399903999
3999159963999 3999279933999