1006170707607 1007076170607
1010318136907 1020309286207
1011272237907 1022283780207
1012080221907 1022190801207
1013071222907 1023191702207
1014062223907 1024192603207
1015053224907 1025193504207
1016044225907 1026194405207
1017035226907 1027195306207
1018026227907 1028196207207
1019017228907 1029197108207
1020710217207 1021720710207
1020812287207 1021822780207
1022172309207 1023092172207
1041080514807 1051480804107
1042071515807 1052481705107
1043062516807 1053482606107
1044053517807 1054483507107
1045044518807 1055484408107
1046035519807 1056485309107
1070080807707 1080770807007
1070710717707 1071770710707
1070817787707 1071877780707
1071071808707 1081771708007
1071602078707 1072768001707
1072062809707 1082772609007
1102480347237 1103472480237
1115481648537 1116485481537
1120390324837 1131582911137
1120480415837 1131673902137
1121291234837 1132492821137
1121381325837 1132583812137
1121471416837 1132674803137
1121526860837 1131619584137
1122282235837 1133493722137
1122372326837 1133584713137
1122462417837 1133675704137
1122626971837 1132729595137
1123273236837 1134494623137
1123363327837 1134585614137
1123453418837 1134676605137
1124264237837 1135495524137
1124354328837 1135586515137
1124444419837 1135677506137
1125255238837 1136496425137
1125345329837 1136587416137
1126123703837 1137282360137
1126246239837 1137497326137
1127122804837 1138291361137
1127148373837 1137384827137
1128482949837 1129498482837
1137001138137 1138137001137
1137011371137 1137113701137
1137114838137 1138148371137
1143711448437 1144843711437
1150291527737 1161782824037
1150381618737 1161873815037
1150471709737 1161964806037
1150748517737 1151774850737
1151192437737 1162692734037
1151282528737 1162783725037
1151372619737 1162874716037
1152183438737 1163693635037
1152273529737 1163784626037
1153174439737 1164694536037
1159048695737 1169574859037
1193711948937 1194893711937
1202790387267 1203872790267
1215791688567 1216885791567
1220051571867 1230023749167
1220691337867 1232885921167
1220781428867 1232976912167
1221042570867 1231022848167
1221152681867 1231133859167
1221592247867 1233795831167
1221682338867 1233886822167
1221772429867 1233977813167
1222143680867 1232132958167
1222253791867 1232243969167
1222583248867 1234796732167
1222673339867 1234887723167
1222781841867 1232787319167
1223179342867 1234287923167
1223574249867 1235797633167
1226411220867 1237560301167
1226510221867 1237660202167
1226712601867 1236640049167
1227522093867 1238781604167
1227773198867 1228977731867
1227824711867 1237761159167
1228792989867 1229898792867
1228825610867 1238770158167
1228936821867 1238882269167
1229937720867 1239891268167
1246712479467 1247946712467
1252082861767 1262316849067
1253073860767 1263315948067
1253183971767 1263426959067
1255079664767 1266477955067
1255111610767 1266521601067
1255210611767 1266621502067
1256101620767 1267520611067
1256200621767 1267620512067
1256261096767 1267784217067
1296712979967 1297996712967
1300185704697 1430059970427
1300194714697 1430069880427
1300284814697 1430168980427
1300285715697 1430169971427
1300293824697 1430178890427
1300294725697 1430179881427
1300383924697 1430277990427
1300384825697 1430278981427
1300385726697 1430279972427
1300393835697 1430288891427
1300394736697 1430289882427
1300483935697 1430387991427
1300484836697 1430388982427
1300485737697 1430389973427
1300493846697 1430398892427
1300494747697 1430399883427
1300583946697 1430497992427
1300584847697 1430498983427
1300585748697 1430499974427
1301185814697 1431159980427
1301194824697 1431169890427
1301284924697 1431268990427
1301285825697 1431269981427
1301294835697 1431279891427
1301314142697 1430002685427
1301324153697 1430013686427
1301334164697 1430024687427
1301344175697 1430035688427
1301354186697 1430046689427
1301384935697 1431378991427
1301385836697 1431379982427
1301394846697 1431389892427
1301404241697 1430101694427
1301414252697 1430112695427
1301424263697 1430123696427
1301434274697 1430134697427
1301444285697 1430145698427
1301454296697 1430156699427
1301484946697 1431488992427
1301485847697 1431489983427
1301494857697 1431499893427
1301572985697 1430298698427
1301584957697 1431598993427
1301585858697 1431599984427
1302185924697 1432259990427
1302225143697 1431003776427
1302235154697 1431014777427
1302245165697 1431025778427
1302255176697 1431036779427
1302285935697 1432369991427
1302315242697 1431102785427
1302325253697 1431113786427
1302335264697 1431124787427
1302345275697 1431135788427
1302355286697 1431146789427
1302385946697 1432479992427
1302405341697 1431201794427
1302415352697 1431212795427
1302425363697 1431223796427
1302435374697 1431234797427
1302445385697 1431245798427
1302455396697 1431256799427
1302485957697 1432589993427
1302585968697 1432699994427
1303136144697 1432004867427
1303146155697 1432015868427
1303156166697 1432026869427
1303226243697 1432103876427
1303236254697 1432114877427
1303246265697 1432125878427
1303256276697 1432136879427
1303316342697 1432202885427
1303326353697 1432213886427
1303336364697 1432224887427
1303346375697 1432235888427
1303356386697 1432246889427
1303406441697 1432301894427
1303416452697 1432312895427
1303426463697 1432323896427
1303436474697 1432334897427
1303446485697 1432345898427
1303456496697 1432356899427
1304047145697 1433005958427
1304057156697 1433016959427
1304137244697 1433104967427
1304147255697 1433115968427
1304157266697 1433126969427
1304227343697 1433203976427
1304237354697 1433214977427
1304247365697 1433225978427
1304257376697 1433236979427
1304271434697 1434697130427
1304317442697 1433302985427
1304327453697 1433313986427
1304337464697 1433324987427
1304347475697 1433335988427
1304357486697 1433346989427
1304407541697 1433401994427
1304417552697 1433412995427
1304427563697 1433423996427
1304437574697 1433434997427
1304447585697 1433445998427
1304457596697 1433456999427
1307337626697 1436505599427
1307642843697 1436983076427
1310185532997 1454289930027
1310194533997 1454299921027
1310275542997 1454389840027
1310284543997 1454399831027
1310323872997 1321033897297
1310365552997 1454489750027
1310374553997 1454499741027
1310417144997 1440005894727
1310427155997 1440016895727
1310437166997 1440027896727
1310447177997 1440038897727
1310455562997 1454589660027
1310457188997 1440049898727
1310464563997 1454599651027
1310545572997 1454689570027
1310546702997 1453106997027
1310554573997 1454699561027
1310635582997 1454789480027
1310644583997 1454799471027
1310646813997 1453217998027
1310725592997 1454889390027
1310734593997 1454899381027
1310746924997 1453328999027
1311175642997 1455388940027
1311184643997 1455398931027
1311265652997 1455488850027
1311274653997 1455498841027
1311314871997 1322032996297
1311328145997 1441006985727
1311338156997 1441017986727
1311348167997 1441028987727
1311355662997 1455588760027
1311358178997 1441039988727
1311364663997 1455598751027
1311418244997 1441105994727
1311428255997 1441116995727
1311438266997 1441127996727
1311445672997 1455688670027
1311448277997 1441138997727
1311454673997 1455698661027
1311458288997 1441149998727
1311535682997 1455788580027
1311544683997 1455798571027
1311625692997 1455888490027
1311634693997 1455898481027
1312165752997 1456487950027
1312174753997 1456497941027
1312255762997 1456587860027
1312264763997 1456597851027
1312345772997 1456687770027
1312354773997 1456697761027
1312435782997 1456787680027
1312444783997 1456797671027
1312525792997 1456887590027
1312534793997 1456897581027
1313155862997 1457586960027
1313164863997 1457596951027
1313245872997 1457686870027
1313254873997 1457696861027
1313335882997 1457786780027
1313344883997 1457796771027
1313425892997 1457886690027
1313434619997 1443204989727
1313434893997 1457896681027
1314014329997 1459868300027
1314145972997 1458685970027
1314154973997 1458695961027
1314235982997 1458785880027
1314244983997 1458795871027
1314325992997 1458885790027
1314334993997 1458895781027
1314344618997 1444204898727
1314430272997 1443130299727
1314445729997 1444315999727
1315441372997 1444240399727
1315728445997 1445998315727
1316452472997 1445350499727
1316713002997 1328683000297
1317271448997 1448997131727
1317463572997 1446460599727
1317703012997 1329682010297
1318474672997 1447570699727
1319472844997 1449983194727
1319485772997 1448680799727
1320165920297 1452035990027
1320166821297 1452036981027
1320167722297 1452037972027
1320168623297 1452038963027
1320169524297 1452039954027
1320175831297 1452046891027
1320176732297 1452047882027
1320177633297 1452048873027
1320178534297 1452049864027
1320185742297 1452057792027
1320186643297 1452058783027
1320187544297 1452059774027
1320195653297 1452068693027
1320196554297 1452069684027
1320265931297 1452145991027
1320266832297 1452146982027
1320267733297 1452147973027
1320268634297 1452148964027
1320269535297 1452149955027
1320271452297 1452297132027
1320275842297 1452156892027
1320276743297 1452157883027
1320277644297 1452158874027
1320278545297 1452159865027
1320285753297 1452167793027
1320286654297 1452168784027
1320287555297 1452169775027
1320295664297 1452178694027
1320296565297 1452179685027
1320365942297 1452255992027
1320366843297 1452256983027
1320367744297 1452257974027
1320368645297 1452258965027
1320369546297 1452259956027
1320375853297 1452266893027
1320376754297 1452267884027
1320377655297 1452268875027
1320378556297 1452269866027
1320385764297 1452277794027
1320386665297 1452278785027
1320387566297 1452279776027
1320395675297 1452288695027
1320396576297 1452289686027
1320451170297 1451032197027
1320461181297 1451043198027
1320465953297 1452365993027
1320466854297 1452366984027
1320467755297 1452367975027
1320468656297 1452368966027
1320469557297 1452369957027
1320471192297 1451054199027
1320475864297 1452376894027
1320476765297 1452377885027
1320477666297 1452378876027
1320478567297 1452379867027
1320485775297 1452387795027
1320486676297 1452388786027
1320487577297 1452389777027
1320495686297 1452398696027
1320496587297 1452399687027
1320565964297 1452475994027
1320566865297 1452476985027
1320567766297 1452477976027
1320568667297 1452478967027
1320569568297 1452479958027
1320575875297 1452486895027
1320576776297 1452487886027
1320577677297 1452488877027
1320578578297 1452489868027
1320585786297 1452497796027
1320586687297 1452498787027
1320587588297 1452499778027
1320665975297 1452585995027
1320666876297 1452586986027
1320667777297 1452587977027
1320668678297 1452588968027
1320669579297 1452589959027
1320675886297 1452596896027
1320676787297 1452597887027
1320677688297 1452598878027
1320678589297 1452599869027
1320765986297 1452695996027
1320766887297 1452696987027
1320767788297 1452697978027
1320768689297 1452698969027
1321066920297 1453026990027
1321067821297 1453027981027
1321068722297 1453028972027
1321069623297 1453029963027
1321076831297 1453037891027
1321077732297 1453038882027
1321078633297 1453039873027
1321086742297 1453048792027
1321087643297 1453049783027
1321096653297 1453059693027
1321166931297 1453136991027
1321167832297 1453137982027
1321168733297 1453138973027
1321169634297 1453139964027
1321176842297 1453147892027
1321177743297 1453148883027
1321178644297 1453149874027
1321186753297 1453158793027
1321187654297 1453159784027
1321196664297 1453169694027
1321266942297 1453246992027
1321267843297 1453247983027
1321268744297 1453248974027
1321269645297 1453249965027
1321276853297 1453257893027
1321277754297 1453258884027
1321278655297 1453259875027
1321286764297 1453268794027
1321287665297 1453269785027
1321296675297 1453279695027
1321352160297 1452022287027
1321362171297 1452033288027
1321366953297 1453356993027
1321367854297 1453357984027
1321368755297 1453358975027
1321369656297 1453359966027
1321372182297 1452044289027
1321376864297 1453367894027
1321377765297 1453368885027
1321378666297 1453369876027
1321386775297 1453378795027
1321387676297 1453379786027
1321396686297 1453389696027
1321452270297 1452132297027
1321462281297 1452143298027
1321466964297 1453466994027
1321467865297 1453467985027
1321468766297 1453468976027
1321469667297 1453469967027
1321472292297 1452154299027
1321476875297 1453477895027
1321477776297 1453478886027
1321478677297 1453479877027
1321486786297 1453488796027
1321487687297 1453489787027
1321496697297 1453499697027
1321566975297 1453576995027
1321567876297 1453577986027
1321568777297 1453578977027
1321569678297 1453579968027
1321576886297 1453587896027
1321577787297 1453588887027
1321578688297 1453589878027
1321586797297 1453598797027
1321587698297 1453599788027
1321666986297 1453686996027
1321667887297 1453687987027
1321668788297 1453688978027
1321669689297 1453689969027
1321676897297 1453697897027
1321677798297 1453698888027
1321678699297 1453699879027
1321766997297 1453796997027
1321767898297 1453797988027
1321768799297 1453798979027
1322067931297 1454127991027
1322068832297 1454128982027
1322069733297 1454129973027
1322077842297 1454138892027
1322078743297 1454139883027
1322087753297 1454149793027
1322135706297 1441114961727
1322167942297 1454237992027
1322168843297 1454238983027
1322169744297 1454239974027
1322177853297 1454248893027
1322178754297 1454249884027
1322187764297 1454259794027
1322253150297 1453012377027
1322263161297 1453023378027
1322267953297 1454347993027
1322268854297 1454348984027
1322269755297 1454349975027
1322273172297 1453034379027
1322277864297 1454358894027
1322278765297 1454359885027
1322287775297 1454369795027
1322353260297 1453122387027
1322363271297 1453133388027
1322367964297 1454457994027
1322368865297 1454458985027
1322369766297 1454459976027
1322373282297 1453144389027
1322377875297 1454468895027
1322378776297 1454469886027
1322387786297 1454479796027
1322429685297 1440269837727
1322453370297 1453232397027
1322463381297 1453243398027
1322467975297 1454567995027
1322468876297 1454568986027
1322469777297 1454569977027
1322473392297 1453254399027
1322477886297 1454578896027
1322478787297 1454579887027
1322487797297 1454589797027
1322567986297 1454677996027
1322568887297 1454678987027
1322569788297 1454679978027
1322577897297 1454688897027
1322578798297 1454689888027
1322610447297 1440350249727
1322620557297 1440361259727
1322630667297 1440372269727
1322640777297 1440383279727
1322650887297 1440394289727
1322667997297 1454787997027
1322668898297 1454788988027
1322669799297 1454789979027
1322711547297 1440460349727
1322720646297 1440470258727
1322721657297 1440471359727
1322730756297 1440481268727
1322731767297 1440482369727
1322740866297 1440492278727
1322741877297 1440493379727
1322812647297 1440570449727
1322821746297 1440580358727
1322822757297 1440581459727
1322830845297 1440590267727
1322831856297 1440591368727
1322832867297 1440592469727
1322913747297 1440680549727
1322922846297 1440690458727
1322923857297 1440691559727
1323044805297 1442105870727
1323068942297 1455228992027
1323069843297 1455229983027
1323078853297 1455239893027
1323145816297 1442215971727
1323154140297 1454002467027
1323164151297 1454013468027
1323168953297 1455338993027
1323169854297 1455339984027
1323174162297 1454024469027
1323178864297 1455349894027
1323254250297 1454112477027
1323264261297 1454123478027
1323268964297 1455448994027
1323269865297 1455449985027
1323274272297 1454134479027
1323278875297 1455459895027
1323354360297 1454222487027
1323364371297 1454233488027
1323368975297 1455558995027
1323369876297 1455559986027
1323374382297 1454244489027
1323378886297 1455569896027
1323454470297 1454332497027
1323464481297 1454343498027
1323468986297 1455668996027
1323469887297 1455669987027
1323474492297 1454354499027
1323478897297 1455679897027
1323510237297 1441330139727
1323520347297 1441341149727
1323530457297 1441352159727
1323540567297 1441363169727
1323550677297 1441374179727
1323560787297 1441385189727
1323568997297 1455778997027
1323569898297 1455779988027
1323570897297 1441396199727
1323611337297 1441440239727
1323620436297 1441450148727
1323621447297 1441451249727
1323630546297 1441461158727
1323631557297 1441462259727
1323640656297 1441472168727
1323641667297 1441473269727
1323650766297 1441483178727
1323651777297 1441484279727
1323660876297 1441494188727
1323661887297 1441495289727
1323712437297 1441550339727
1323721536297 1441560248727
1323722547297 1441561349727
1323730635297 1441570157727
1323731646297 1441571258727
1323732657297 1441572359727
1323740745297 1441581167727
1323741756297 1441582268727
1323742767297 1441583369727
1323750855297 1441592177727
1323751866297 1441593278727
1323752877297 1441594379727
1323813537297 1441660439727
1323822636297 1441670348727
1323823647297 1441671449727
1323831735297 1441680257727
1323832746297 1441681358727
1323833757297 1441682459727
1323840834297 1441690166727
1323841845297 1441691267727
1323842856297 1441692368727
1323843867297 1441693469727
1323914637297 1441770539727
1323923736297 1441780448727
1323924747297 1441781549727
1323932835297 1441790357727
1323933846297 1441791458727
1323934857297 1441792559727
1324054915297 1443206880727
1324065141297 1455003558027
1324069953297 1456329993027
1324075152297 1455014559027
1324155240297 1455102567027
1324155926297 1443316981727
1324165251297 1455113568027
1324169964297 1456439994027
1324175262297 1455124569027
1324255350297 1455212577027
1324265361297 1455223578027
1324269975297 1456549995027
1324275372297 1455234579027
1324355460297 1455322587027
1324365471297 1455333588027
1324369986297 1456659996027
1324375482297 1455344589027
1324410027297 1442310029727
1324420137297 1442321039727
1324430247297 1442332049727
1324440357297 1442343059727
1324450467297 1442354069727
1324455570297 1455432597027
1324460577297 1442365079727
1324465581297 1455443598027
1324469997297 1456769997027
1324470687297 1442376089727
1324475592297 1455454599027
1324480797297 1442387099727
1324511127297 1442420129727
1324520226297 1442430038727
1324521237297 1442431139727
1324530336297 1442441048727
1324531347297 1442442149727
1324540446297 1442452058727
1324541457297 1442453159727
1324550556297 1442463068727
1324551567297 1442464169727
1324560666297 1442474078727
1324561677297 1442475179727
1324570776297 1442485088727
1324571787297 1442486189727
1324580886297 1442496098727
1324581897297 1442497199727
1324612227297 1442530229727
1324621326297 1442540138727
1324622337297 1442541239727
1324630425297 1442550047727
1324631436297 1442551148727
1324632447297 1442552249727
1324640535297 1442561057727
1324641546297 1442562158727
1324642557297 1442563259727
1324650645297 1442572067727
1324651656297 1442573168727
1324652667297 1442574269727
1324660755297 1442583077727
1324661766297 1442584178727
1324662777297 1442585279727
1324670865297 1442594087727
1324671876297 1442595188727
1324672887297 1442596289727
1324713327297 1442640329727
1324722426297 1442650238727
1324723437297 1442651339727
1324731525297 1442660147727
1324732536297 1442661248727
1324733547297 1442662349727
1324740624297 1442670056727
1324741635297 1442671157727
1324742646297 1442672258727
1324743657297 1442673359727
1324750734297 1442681066727
1324751745297 1442682167727
1324752756297 1442683268727
1324753767297 1442684369727
1324760844297 1442692076727
1324761855297 1442693177727
1324762866297 1442694278727
1324763877297 1442695379727
1324814427297 1442750429727
1324823526297 1442760338727
1324824537297 1442761439727
1324832625297 1442770247727
1324833636297 1442771348727
1324834647297 1442772449727
1324841724297 1442780156727
1324842735297 1442781257727
1324843746297 1442782358727
1324844757297 1442783459727
1324850823297 1442790065727
1324851834297 1442791166727
1324852845297 1442792267727
1324853856297 1442793368727
1324854867297 1442794469727
1324915527297 1442860529727
1324924626297 1442870438727
1324925637297 1442871539727
1324933725297 1442880347727
1324934736297 1442881448727
1324935747297 1442882549727
1324942824297 1442890256727
1324943835297 1442891357727
1324944846297 1442892458727
1324945857297 1442893559727
1325066241297 1456103658027
1325076252297 1456114659027
1325154505297 1444548300727
1325156340297 1456202667027
1325166351297 1456213668027
1325176362297 1456224669027
1325256450297 1456312677027
1325266461297 1456323678027
1325276472297 1456334679027
1325356560297 1456422687027
1325366571297 1456433688027
1325376582297 1456444689027
1325421027297 1443411029727
1325431137297 1443422039727
1325441247297 1443433049727
1325451357297 1443444059727
1325456670297 1456532697027
1325461467297 1443455069727
1325466681297 1456543698027
1325471577297 1443466079727
1325476692297 1456554699027
1325481687297 1443477089727
1325491797297 1443488099727
1325512017297 1443510119727
1325521116297 1443520028727
1325522127297 1443521129727
1325531226297 1443531038727
1325532237297 1443532139727
1325541336297 1443542048727
1325542347297 1443543149727
1325551446297 1443553058727
1325552457297 1443554159727
1325561556297 1443564068727
1325562567297 1443565169727
1325571666297 1443575078727
1325572677297 1443576179727
1325581776297 1443586088727
1325582787297 1443587189727
1325591886297 1443597098727
1325592897297 1443598199727
1325613117297 1443620219727
1325622216297 1443630128727
1325623227297 1443631229727
1325631315297 1443640037727
1325632326297 1443641138727
1325633337297 1443642239727
1325641425297 1443651047727
1325642436297 1443652148727
1325643447297 1443653249727
1325651535297 1443662057727
1325652546297 1443663158727
1325653557297 1443664259727
1325661645297 1443673067727
1325662656297 1443674168727
1325663667297 1443675269727
1325671755297 1443684077727
1325672766297 1443685178727
1325673777297 1443686279727
1325681865297 1443695087727
1325682876297 1443696188727
1325683887297 1443697289727
1325714217297 1443730319727
1325723316297 1443740228727
1325724327297 1443741329727
1325732415297 1443750137727
1325733426297 1443751238727
1325734437297 1443752339727
1325741514297 1443760046727
1325742525297 1443761147727
1325743536297 1443762248727
1325744547297 1443763349727
1325751624297 1443771056727
1325752635297 1443772157727
1325753646297 1443773258727
1325754657297 1443774359727
1325761734297 1443782066727
1325762745297 1443783167727
1325763756297 1443784268727
1325764767297 1443785369727
1325771844297 1443793076727
1325772855297 1443794177727
1325773866297 1443795278727
1325774877297 1443796379727
1325815317297 1443840419727
1325824416297 1443850328727
1325825427297 1443851429727
1325833515297 1443860237727
1325834526297 1443861338727
1325835537297 1443862439727
1325842614297 1443870146727
1325843625297 1443871247727
1325844636297 1443872348727
1325845647297 1443873449727
1325851713297 1443880055727
1325852724297 1443881156727
1325853735297 1443882257727
1325854746297 1443883358727
1325855757297 1443884459727
1325861823297 1443891065727
1325862834297 1443892166727
1325863845297 1443893267727
1325864856297 1443894368727
1325865867297 1443895469727
1325916417297 1443950519727
1325925516297 1443960428727
1325926527297 1443961529727
1325934615297 1443970337727
1325935626297 1443971438727
1325936637297 1443972539727
1325943714297 1443980246727
1325944725297 1443981347727
1325945736297 1443982448727
1325946747297 1443983549727
1325952813297 1443990155727
1325953824297 1443991256727
1325954835297 1443992357727
1325955846297 1443993458727
1325956857297 1443994559727
1326063515297 1445539210727
1326067341297 1457203758027
1326077352297 1457214759027
1326154416297 1445638301727
1326157440297 1457302767027
1326167451297 1457313768027
1326177462297 1457324769027
1326257550297 1457412777027
1326267561297 1457423778027
1326277572297 1457434779027
1326357660297 1457522787027
1326367671297 1457533788027
1326377682297 1457544789027
1326432027297 1444512029727
1326442137297 1444523039727
1326452247297 1444534049727
1326457770297 1457632797027
1326462357297 1444545059727
1326467781297 1457643798027
1326472467297 1444556069727
1326477792297 1457654799027
1326482577297 1444567079727
1326492687297 1444578089727
1326522006297 1444610018727
1326523017297 1444611119727
1326532116297 1444621028727
1326533127297 1444622129727
1326542226297 1444632038727
1326543237297 1444633139727
1326552336297 1444643048727
1326553347297 1444644149727
1326562446297 1444654058727
1326563457297 1444655159727
1326572556297 1444665068727
1326573567297 1444666169727
1326582666297 1444676078727
1326583677297 1444677179727
1326592776297 1444687088727
1326593787297 1444688189727
1326614007297 1444710209727
1326623106297 1444720118727
1326624117297 1444721219727
1326632205297 1444730027727
1326633216297 1444731128727
1326634227297 1444732229727
1326642315297 1444741037727
1326643326297 1444742138727
1326644337297 1444743239727
1326652425297 1444752047727
1326653436297 1444753148727
1326654447297 1444754249727
1326662535297 1444763057727
1326663546297 1444764158727
1326664557297 1444765259727
1326672645297 1444774067727
1326673656297 1444775168727
1326674667297 1444776269727
1326682755297 1444785077727
1326683766297 1444786178727
1326684777297 1444787279727
1326692865297 1444796087727
1326693876297 1444797188727
1326694887297 1444798289727
1326715107297 1444820309727
1326724206297 1444830218727
1326725217297 1444831319727
1326733305297 1444840127727
1326734316297 1444841228727
1326735327297 1444842329727
1326742404297 1444850036727
1326743415297 1444851137727
1326744426297 1444852238727
1326745437297 1444853339727
1326752514297 1444861046727
1326753525297 1444862147727
1326754536297 1444863248727
1326755547297 1444864349727
1326762624297 1444872056727
1326763635297 1444873157727
1326764646297 1444874258727
1326765657297 1444875359727
1326772734297 1444883066727
1326773745297 1444884167727
1326774756297 1444885268727
1326775767297 1444886369727
1326782844297 1444894076727
1326783855297 1444895177727
1326784866297 1444896278727
1326785877297 1444897379727
1326816207297 1444930409727
1326825306297 1444940318727
1326826317297 1444941419727
1326834405297 1444950227727
1326835416297 1444951328727
1326836427297 1444952429727
1326843504297 1444960136727
1326844515297 1444961237727
1326845526297 1444962338727
1326846537297 1444963439727
1326852603297 1444970045727
1326853614297 1444971146727
1326854625297 1444972247727
1326855636297 1444973348727
1326856647297 1444974449727
1326862713297 1444981055727
1326863724297 1444982156727
1326864735297 1444983257727
1326865746297 1444984358727
1326866757297 1444985459727
1326872823297 1444992065727
1326873834297 1444993166727
1326874845297 1444994267727
1326875856297 1444995368727
1326876867297 1444996469727
1327063426297 1446629211727
1327068441297 1458303858027
1327078452297 1458314859027
1327154327297 1446728302727
1327158540297 1458402867027
1327168551297 1458413868027
1327178562297 1458424869027
1327258650297 1458512877027
1327268661297 1458523878027
1327278672297 1458534879027
1327358760297 1458622887027
1327368771297 1458633888027
1327378782297 1458644889027
1327443027297 1445613029727
1327453137297 1445624039727
1327458870297 1458732897027
1327463247297 1445635049727
1327468881297 1458743898027
1327473357297 1445646059727
1327478892297 1458754899027
1327483467297 1445657069727
1327493577297 1445668079727
1327533006297 1445711018727
1327534017297 1445712119727
1327543116297 1445722028727
1327544127297 1445723129727
1327553226297 1445733038727
1327554237297 1445734139727
1327563336297 1445744048727
1327564347297 1445745149727
1327573446297 1445755058727
1327574457297 1445756159727
1327583556297 1445766068727
1327584567297 1445767169727
1327593666297 1445777078727
1327594677297 1445778179727
1327625007297 1445811209727
1327634106297 1445821118727
1327635117297 1445822219727
1327643205297 1445831027727
1327644216297 1445832128727
1327645227297 1445833229727
1327653315297 1445842037727
1327654326297 1445843138727
1327655337297 1445844239727
1327663425297 1445853047727
1327664436297 1445854148727
1327665447297 1445855249727
1327673535297 1445864057727
1327674546297 1445865158727
1327675557297 1445866259727
1327683645297 1445875067727
1327684656297 1445876168727
1327685667297 1445877269727
1327693755297 1445886077727
1327694766297 1445887178727
1327695777297 1445888279727
1327726107297 1445921309727
1327735206297 1445931218727
1327736217297 1445932319727
1327744305297 1445941127727
1327745316297 1445942228727
1327746327297 1445943329727
1327753404297 1445951036727
1327754415297 1445952137727
1327755426297 1445953238727
1327756437297 1445954339727
1327763514297 1445962046727
1327764525297 1445963147727
1327765536297 1445964248727
1327766547297 1445965349727
1327773624297 1445973056727
1327774635297 1445974157727
1327775646297 1445975258727
1327776657297 1445976359727
1327783734297 1445984066727
1327784745297 1445985167727
1327785756297 1445986268727
1327786767297 1445987369727
1327793844297 1445995076727
1327794855297 1445996177727
1327795866297 1445997278727
1327796877297 1445998379727
1328063337297 1447719212727
1328069541297 1459403958027
1328079552297 1459414959027
1328154238297 1447818303727
1328159640297 1459502967027
1328169651297 1459513968027
1328179662297 1459524969027
1328259750297 1459612977027
1328269761297 1459623978027
1328279772297 1459634979027
1328359860297 1459722987027
1328369871297 1459733988027
1328379882297 1459744989027
1328454027297 1446714029727
1328459970297 1459832997027
1328464137297 1446725039727
1328469981297 1459843998027
1328474247297 1446736049727
1328479992297 1459854999027
1328484357297 1446747059727
1328494467297 1446758069727
1328544006297 1446812018727
1328545017297 1446813119727
1328554116297 1446823028727
1328555127297 1446824129727
1328564226297 1446834038727
1328565237297 1446835139727
1328574336297 1446845048727
1328575347297 1446846149727
1328584446297 1446856058727
1328585457297 1446857159727
1328594556297 1446867068727
1328595567297 1446868169727
1328636007297 1446912209727
1328645106297 1446922118727
1328646117297 1446923219727
1328654205297 1446932027727
1328655216297 1446933128727
1328656227297 1446934229727
1328664315297 1446943037727
1328665326297 1446944138727
1328666337297 1446945239727
1328674425297 1446954047727
1328675436297 1446955148727
1328676447297 1446956249727
1328684535297 1446965057727
1328685546297 1446966158727
1328686557297 1446967259727
1328694645297 1446976067727
1328695656297 1446977168727
1328696667297 1446978269727
1329063248297 1448809213727
1329154149297 1448908304727
1329465027297 1447815029727
1329475137297 1447826039727
1329485247297 1447837049727
1329495357297 1447848059727
1329555006297 1447913018727
1329556017297 1447914119727
1329565116297 1447924028727
1329566127297 1447925129727
1329575226297 1447935038727
1329576237297 1447936139727
1329585336297 1447946048727
1329586347297 1447947149727
1329595446297 1447957058727
1329596457297 1447958159727
1330435140597 1462003494327
1330445151597 1462014495327
1330455162597 1462025496327
1330465173597 1462036497327
1330475184597 1462047498327
1330485195597 1462058499327
1331346141597 1463004585327
1331356152597 1463015586327
1331366163597 1463026587327
1331376174597 1463037588327
1331386185597 1463048589327
1331436240597 1463103594327
1331446251597 1463114595327
1331456262597 1463125596327
1331466273597 1463136597327
1331476284597 1463147598327
1331486295597 1463158599327
1332257142597 1464005676327
1332267153597 1464016677327
1332277164597 1464027678327
1332287175597 1464038679327
1332347241597 1464104685327
1332357252597 1464115686327
1332367263597 1464126687327
1332377274597 1464137688327
1332387285597 1464148689327
1332437340597 1464203694327
1332447351597 1464214695327
1332457362597 1464225696327
1332467373597 1464236697327
1332477384597 1464247698327
1332487395597 1464258699327
1332700146597 1465970013327
1333168143597 1465006767327
1333178154597 1465017768327
1333188165597 1465028769327
1333258242597 1465105776327
1333268253597 1465116777327
1333271466597 1466597133327
1333278264597 1465127778327
1333288275597 1465138779327
1333348341597 1465204785327
1333358352597 1465215786327
1333368363597 1465226787327
1333378374597 1465237788327
1333388385597 1465248789327
1333438440597 1465303794327
1333448451597 1465314795327
1333458462597 1465325796327
1333468473597 1465336797327
1333478484597 1465347798327
1333488495597 1465358799327
1333601047597 1466961004327
1334079144597 1466007858327
1334089155597 1466018859327
1334169243597 1466106867327
1334179254597 1466117868327
1334189265597 1466128869327
1334259342597 1466205876327
1334269353597 1466216877327
1334279364597 1466227878327
1334289375597 1466238879327
1334349441597 1466304885327
1334359452597 1466315886327
1334369463597 1466326887327
1334379474597 1466337888327
1334389485597 1466348889327
1334439540597 1466403894327
1334449551597 1466414895327
1334459562597 1466425896327
1334469573597 1466436897327
1334479584597 1466447898327
1334489595597 1466458899327
1336004383597 1469723710327
1336649705597 1468713779327
1337559704597 1469713688327
1340152942897 1351106777197
1340449143897 1473007794627
1340459154897 1473018795627
1340469165897 1473029796627
1341143941897 1352105876197
1342134940897 1353104975197
1343650051897 1475211079627
1343751161897 1475322089627
1343852271897 1475433099627
1344560041897 1476210169627
1344651040897 1476310078627
1344661151897 1476321179627
1344752150897 1476421088627
1344762261897 1476432189627
1344853260897 1476532098627
1344863371897 1476543199627
1345571141897 1477320269627
1345577806897 1478523997627
1345662140897 1477420178627
1345672251897 1477431279627
1345763250897 1477531188627
1345773361897 1477542289627
1345862847897 1478983458627
1345864360897 1477642198627
1345874471897 1477653299627
1346403402897 1358643310197
1346502403897 1358743211197
1346582241897 1478430369627
1346601404897 1358843112197
1346673240897 1478530278627
1346683351897 1478541379627
1346700405897 1358943013197
1346774350897 1478641288627
1346784461897 1478652389627
1346875460897 1478752298627
1346885571897 1478763399627
1347593341897 1479540469627
1347684340897 1479640378627
1347694451897 1479651479627
1347785450897 1479751388627
1347795561897 1479762489627
1347886560897 1479862398627
1347896671897 1479873499627
1352324814197 1474166600627
1352940346197 1473380139627
1352950456197 1473391149627
1353233824197 1475157510627
1353324725197 1475256601627
1353840136197 1474360029627
1353850246197 1474371039627
1353860356197 1474382049627
1353870466197 1474393059627
1353941236197 1474470129627
1353950335197 1474480038627
1353951346197 1474481139627
1353960445197 1474491048627
1353961456197 1474492149627
1354142834197 1476148420627
1354233735197 1476247511627
1354324636197 1476346602627
1354841026197 1475450019627
1354851136197 1475461029627
1354861246197 1475472039627
1354871356197 1475483049627
1354881466197 1475494059627
1354942126197 1475560119627
1354951225197 1475570028627
1354952236197 1475571129627
1354961335197 1475581038627
1354962346197 1475582139627
1354971445197 1475592048627
1354972456197 1475593149627
1355051844197 1477139330627
1355142745197 1477238421627
1355233646197 1477337512627
1355324547197 1477436603627
1355852026197 1476551019627
1355862136197 1476562029627
1355872246197 1476573039627
1355882356197 1476584049627
1355892466197 1476595059627
1355943016197 1476650109627
1355952115197 1476660018627
1355953126197 1476661119627
1355962225197 1476671028627
1355963236197 1476672129627
1355972335197 1476682038627
1355973346197 1476683139627
1355982445197 1476693048627
1355983456197 1476694149627
1356051755197 1478229331627
1356142656197 1478328422627
1356233557197 1478427513627
1356324458197 1478526604627
1356863026197 1477652019627
1356873136197 1477663029627
1356883246197 1477674039627
1356893356197 1477685049627
1356953005197 1477750008627
1356954016197 1477751109627
1356963115197 1477761018627
1356964126197 1477762119627
1356973225197 1477772028627
1356974236197 1477773129627
1356983335197 1477783038627
1356984346197 1477784139627
1356993445197 1477794048627
1356994456197 1477795149627
1357051666197 1479319332627
1357142567197 1479418423627
1357233468197 1479517514627
1357324369197 1479616605627
1357874026197 1478753019627
1357884136197 1478764029627
1357894246197 1478775039627
1357964005197 1478851008627
1357965016197 1478852109627
1357974115197 1478862018627
1357975126197 1478863119627
1357984225197 1478873028627
1357985236197 1478874129627
1357994335197 1478884038627
1357995346197 1478885139627
1358885026197 1479854019627
1358895136197 1479865029627
1358975005197 1479952008627
1358976016197 1479953109627
1358985115197 1479963018627
1358986126197 1479964119627
1358995225197 1479974028627
1358996236197 1479975129627
1360477150497 1495016395227
1360487161497 1495027396227
1360497172497 1495038397227
1361378140497 1496006485227
1361388151497 1496017486227
1361398162497 1496028487227
1361478250497 1496116495227
1361488261497 1496127496227
1361498272497 1496138497227
1362270001497 1497000136227
1362271498497 1498497136227
1362284971497 1497149836227
1362289141497 1497007576227
1362299152497 1497018577227
1362379240497 1497106585227
1362389251497 1497117586227
1362399262497 1497128587227
1362479350497 1497216595227
1362489361497 1497227596227
1362499372497 1497238597227
1363532907497 1486384520927
1363623808497 1486483611927
1363714709497 1486582702927
1363950439497 1485370359927
1363960549497 1485381369927
1363970659497 1485392379927
1364441917497 1487375430927
1364532818497 1487474521927
1364623719497 1487573612927
1364850229497 1486350249927
1364860339497 1486361259927
1364870449497 1486372269927
1364880559497 1486383279927
1364890669497 1486394289927
1364951329497 1486460349927
1364960428497 1486470258927
1364961439497 1486471359927
1364970538497 1486481268927
1364971549497 1486482369927
1364980648497 1486492278927
1364981659497 1486493379927
1365350927497 1488366340927
1365441828497 1488465431927
1365532729497 1488564522927
1365750019497 1487330139927
1365760129497 1487341149927
1365770239497 1487352159927
1365780349497 1487363169927
1365790459497 1487374179927
1365851119497 1487440239927
1365860218497 1487450148927
1365861229497 1487451249927
1365870328497 1487461158927
1365871339497 1487462259927
1365880438497 1487472168927
1365881449497 1487473269927
1365890548497 1487483178927
1365891559497 1487484279927
1365952219497 1487550339927
1365961318497 1487560248927
1365962329497 1487561349927
1365970417497 1487570157927
1365971428497 1487571258927
1365972439497 1487572359927
1365980527497 1487581167927
1365981538497 1487582268927
1365982549497 1487583369927
1365990637497 1487592177927
1365991648497 1487593278927
1365992659497 1487594379927
1366350838497 1489456341927
1366441739497 1489555432927
1366670029497 1488332049927
1366680139497 1488343059927
1366690249497 1488354069927
1366760008497 1488430038927
1366761019497 1488431139927
1366770118497 1488441048927
1366771129497 1488442149927
1366780228497 1488452058927
1366781239497 1488453159927
1366790338497 1488463068927
1366791349497 1488464169927
1366852009497 1488530229927
1366861108497 1488540138927
1366862119497 1488541239927
1366863190497 1487458017927
1366870207497 1488550047927
1366871218497 1488551148927
1366872229497 1488552249927
1366880317497 1488561057927
1366881328497 1488562158927
1366882339497 1488563259927
1366890427497 1488572067927
1366891438497 1488573168927
1366892449497 1488574269927
1366953109497 1488640329927
1366962208497 1488650238927
1366963219497 1488651339927
1366971307497 1488660147927
1366972318497 1488661248927
1366973329497 1488662349927
1366980406497 1488670056927
1366981417497 1488671157927
1366982428497 1488672258927
1366983439497 1488673359927
1366990516497 1488681066927
1366991527497 1488682167927
1366992538497 1488683268927
1366993549497 1488684369927
1367681029497 1489433049927
1367691139497 1489444059927
1367771008497 1489531038927
1367772019497 1489532139927
1367772091497 1488447108927
1367781118497 1489542048927
1367782129497 1489543149927
1367791228497 1489553058927
1367792239497 1489554159927
1367863009497 1489631229927
1367872108497 1489641138927
1367873080497 1488557007927
1367873119497 1489642239927
1367881207497 1489651047927
1367882218497 1489652148927
1367883229497 1489653249927
1367891317497 1489662057927
1367892328497 1489663158927
1367893339497 1489664259927
1367939143497 1489822653927
1367964109497 1489741329927
1367973208497 1489751238927
1367974219497 1489752339927
1367982307497 1489761147927
1367983318497 1489762248927
1367984329497 1489763349927
1367985290497 1488679117927
1367991406497 1489771056927
1367992417497 1489772157927
1367993428497 1489773258927
1367994439497 1489774359927
1368894191497 1489668208927
1368995180497 1489778107927
1397000128397 1398270001397
1397001271397 1397127001397
1397001398397 1398397001397
1397012828397 1398282701397
1397013971397 1397139701397
1397127128397 1398271271397
1397128398397 1398398271397
1397139828397 1398283971397
1398271398397 1398397128397
1410269422827 1424229680127
1410293252827 1424381940127
1410335701827 1423015916127
1410383343827 1424472931127
1410435802827 1423116917127
1410473434827 1424563922127
1410535903827 1423217918127
1410563525827 1424654913127
1410653616827 1424745904127
1411194162827 1425291850127
1411269523827 1425239681127
1411284253827 1425382841127
1411336711827 1424025926127
1411374344827 1425473832127
1411436812827 1424126927127
1411464435827 1425564823127
1411536913827 1424227928127
1411554526827 1425655814127
1411644617827 1425746805127
1412185163827 1426292751127
1412269624827 1426249682127
1412275254827 1426383742127
1412337721827 1425035936127
1412365345827 1426474733127
1412437822827 1425136937127
1412455436827 1426565724127
1412537923827 1425237938127
1412545527827 1426656715127
1412635618827 1426747706127
1412701426827 1426827014127
1412842696827 1426968284127
1413176164827 1427293652127
1413266255827 1427384643127
1413269725827 1427259683127
1413338731827 1426045946127
1413356346827 1427475634127
1413438832827 1426146947127
1413446437827 1427566625127
1413536528827 1427657616127
1413538933827 1426247948127
1413626619827 1427748607127
1414130269827 1429684130127
1414167165827 1428294553127
1414257256827 1428385544127
1414269826827 1428269684127
1414339741827 1427055956127
1414347347827 1428476535127
1414437438827 1428567526127
1414439842827 1427156957127
1414527529827 1428658517127
1414539943827 1427257958127
1415158166827 1429295454127
1415248257827 1429386445127
1415269927827 1429279685127
1415338348827 1429477436127
1415428439827 1429568427127
1415523910827 1428135095127
1440194455727 1454581853027
1440284546727 1454672844027
1440374637727 1454763835027
1440464728727 1454854826027
1440554819727 1454945817027
1441095365727 1455491763027
1441185456727 1455582754027
1441275547727 1455673745027
1441365638727 1455764736027
1441455729727 1455855727027
1442086366727 1456492664027
1442176457727 1456583655027
1442266548727 1456674646027
1442356639727 1456765637027
1443077367727 1457493565027
1443167458727 1457584556027
1443257549727 1457675547027
1444068368727 1458494466027
1444158459727 1458585457027
1445059369727 1459495367027
1500585155757 1515575850057
1500675246757 1515666841057
1500765337757 1515757832057
1500855428757 1515848823057
1500945519757 1515939814057
1501486065757 1516485760057
1501576156757 1516576751057
1501666247757 1516667742057
1501756338757 1516758733057
1501846429757 1516849724057
1502477066757 1517486661057
1502567157757 1517577652057
1502613120757 1516273102057
1502657248757 1517668643057
1502712121757 1516373003057
1502747339757 1517759634057
1503468067757 1518487562057
1503558158757 1518578553057
1503603130757 1517272112057
1503648249757 1518669544057
1503702131757 1517372013057
1504459068757 1519488463057
1504549159757 1519579454057
1541594578957 1556994953257
1542585579957 1557995854257
1544213340957 1558251502257
1544312341957 1558351403257
1544411342957 1558451304257
1544510343957 1558551205257
1545203350957 1559250512257
1545302351957 1559350413257
1545401352957 1559450314257
1545500353957 1559550215257
1546378608957 1547757921957
1570000015857 1585700000157
1570001585857 1585857000157
1570015715857 1585715700157
1570157015857 1585701570157
1570158585857 1585858570157
1571570015857 1585700157157
1571571585857 1585857157157
1571585715857 1585715857157
1573012731857 1587312703157
1573111732857 1587412604157
1573210733857 1587512505157
1574002741857 1588311713157
1574101742857 1588411614157
1574200743857 1588511515157
1600197702387 1760039870217
1600287802387 1760138970217
1600288703387 1760139961217
1600296812387 1760148880217
1600297713387 1760149871217
1600386912387 1760247980217
1600387813387 1760248971217
1600388714387 1760249962217
1600395922387 1760257890217
1600396823387 1760258881217
1600397724387 1760259872217
1600486923387 1760357981217
1600487824387 1760358972217
1600488725387 1760359963217
1600495933387 1760367891217
1600496834387 1760368882217
1600497735387 1760369873217
1600586934387 1760467982217
1600587835387 1760468973217
1600588736387 1760469964217
1600595944387 1760477892217
1600596845387 1760478883217
1600597746387 1760479874217
1600686945387 1760577983217
1600687846387 1760578974217
1600688747387 1760579965217
1600695955387 1760587893217
1600696856387 1760588884217
1600697757387 1760589875217
1600786956387 1760687984217
1600787857387 1760688975217
1600788758387 1760689966217
1600795966387 1760697894217
1600796867387 1760698885217
1600797768387 1760699876217
1600886967387 1760797985217
1600887868387 1760798976217
1600888769387 1760799967217
1601188802387 1761129970217
1601197812387 1761139880217
1601287912387 1761238980217
1601288813387 1761239971217
1601296922387 1761248890217
1601297823387 1761249881217
1601387923387 1761348981217
1601388824387 1761349972217
1601396933387 1761358891217
1601397834387 1761359882217
1601487934387 1761458982217
1601488835387 1761459973217
1601496944387 1761468892217
1601497845387 1761469883217
1601587945387 1761568983217
1601588846387 1761569974217
1601596955387 1761578893217
1601597856387 1761579884217
1601642040387 1760030375217
1601652051387 1760041376217
1601662062387 1760052377217
1601672073387 1760063378217
1601682084387 1760074379217
1601687956387 1761678984217
1601688857387 1761679975217
1601696966387 1761688894217
1601697867387 1761689885217
1601742150387 1760140385217
1601752161387 1760151386217
1601762172387 1760162387217
1601772183387 1760173388217
1601782194387 1760184389217
1601787967387 1761788985217
1601788868387 1761789976217
1601796977387 1761798895217
1601797878387 1761799886217
1601842260387 1760250395217
1601852271387 1760261396217
1601862282387 1760272397217
1601872293387 1760283398217
1601887978387 1761898986217
1601888879387 1761899977217
1602171762387 1762387160217
1602188912387 1762229980217
1602197922387 1762239890217
1602288923387 1762339981217
1602297933387 1762349891217
1602388934387 1762449982217
1602397944387 1762459892217
1602488945387 1762559983217
1602497955387 1762569893217
1602543030387 1761020465217
1602553041387 1761031466217
1602563052387 1761042467217
1602573063387 1761053468217
1602583074387 1761064469217
1602588956387 1762669984217
1602597966387 1762679894217
1602643140387 1761130475217
1602653151387 1761141476217
1602663162387 1761152477217
1602673173387 1761163478217
1602683184387 1761174479217
1602688967387 1762779985217
1602697977387 1762789895217
1602743250387 1761240485217
1602753261387 1761251486217
1602763272387 1761262487217
1602773283387 1761273488217
1602782982387 1761298397217
1602783294387 1761284489217
1602788978387 1762889986217
1602797988387 1762899896217
1602843360387 1761350495217
1602853371387 1761361496217
1602863382387 1761372497217
1602873393387 1761383498217
1602888989387 1762999987217
1603444020387 1762010555217
1603454031387 1762021556217
1603464042387 1762032557217
1603474053387 1762043558217
1603484064387 1762054559217
1603544130387 1762120565217
1603554141387 1762131566217
1603564152387 1762142567217
1603574163387 1762153568217
1603584174387 1762164569217
1603644240387 1762230575217
1603654251387 1762241576217
1603664262387 1762252577217
1603674273387 1762263578217
1603684284387 1762274579217
1603744350387 1762340585217
1603754361387 1762351586217
1603764372387 1762362587217
1603774383387 1762373588217
1603784394387 1762384589217
1603844460387 1762450595217
1603854471387 1762461596217
1603864482387 1762472597217
1603874493387 1762483598217
1604345010387 1763000645217
1604355021387 1763011646217
1604365032387 1763022647217
1604375043387 1763033648217
1604385054387 1763044649217
1604445120387 1763110655217
1604455131387 1763121656217
1604465142387 1763132657217
1604475153387 1763143658217
1604485164387 1763154659217
1604545230387 1763220665217
1604555241387 1763231666217
1604565252387 1763242667217
1604575263387 1763253668217
1604585274387 1763264669217
1604645340387 1763330675217
1604655351387 1763341676217
1604665362387 1763352677217
1604675373387 1763363678217
1604685384387 1763374679217
1604745450387 1763440685217
1604755461387 1763451686217
1604765472387 1763462687217
1604775483387 1763473688217
1604785494387 1763484689217
1604845560387 1763550695217
1604855571387 1763561696217
1604865582387 1763572697217
1604875593387 1763583698217
1605256011387 1764001736217
1605266022387 1764012737217
1605276033387 1764023738217
1605286044387 1764034739217
1605346110387 1764100745217
1605356121387 1764111746217
1605366132387 1764122747217
1605376143387 1764133748217
1605386154387 1764144749217
1605446220387 1764210755217
1605456231387 1764221756217
1605466242387 1764232757217
1605476253387 1764243758217
1605486264387 1764254759217
1605546330387 1764320765217
1605556341387 1764331766217
1605566352387 1764342767217
1605576363387 1764353768217
1605586374387 1764364769217
1605646440387 1764430775217
1605656451387 1764441776217
1605666462387 1764452777217
1605676473387 1764463778217
1605686484387 1764474779217
1605746550387 1764540785217
1605756561387 1764551786217
1605766572387 1764562787217
1605776583387 1764573788217
1605786594387 1764584789217
1605846660387 1764650795217
1605856671387 1764661796217
1605866682387 1764672797217
1605876693387 1764683798217
1606096819387 1750629791917
1606167012387 1765002827217
1606177023387 1765013828217
1606187034387 1765024829217
1606257111387 1765101836217
1606267122387 1765112837217
1606277133387 1765123838217
1606287144387 1765134839217
1606347210387 1765200845217
1606357221387 1765211846217
1606367232387 1765222847217
1606377243387 1765233848217
1606387254387 1765244849217
1606447320387 1765310855217
1606457331387 1765321856217
1606467342387 1765332857217
1606477353387 1765343858217
1606487364387 1765354859217
1606547430387 1765420865217
1606557441387 1765431866217
1606567452387 1765442867217
1606577463387 1765453868217
1606587474387 1765464869217
1606647540387 1765530875217
1606657551387 1765541876217
1606667562387 1765552877217
1606677573387 1765563878217
1606687584387 1765574879217
1606747650387 1765640885217
1606757661387 1765651886217
1606767672387 1765662887217
1606777683387 1765673888217
1606787694387 1765684889217
1606847760387 1765750895217
1606857771387 1765761896217
1606867782387 1765772897217
1606877793387 1765783898217
1607078013387 1766003918217
1607088024387 1766014919217
1607168112387 1766102927217
1607178123387 1766113928217
1607188134387 1766124929217
1607258211387 1766201936217
1607268222387 1766212937217
1607278233387 1766223938217
1607288244387 1766234939217
1607348310387 1766300945217
1607358321387 1766311946217
1607368332387 1766322947217
1607378343387 1766333948217
1607388354387 1766344949217
1607448420387 1766410955217
1607458431387 1766421956217
1607468442387 1766432957217
1607478453387 1766443958217
1607488464387 1766454959217
1607500329387 1750601248917
1607510439387 1750612258917
1607520549387 1750623268917
1607530659387 1750634278917
1607540769387 1750645288917
1607548530387 1766520965217
1607550879387 1750656298917
1607558541387 1766531966217
1607568552387 1766542967217
1607578563387 1766553968217
1607588574387 1766564969217
1607600418387 1750710247917
1607601429387 1750711348917
1607610528387 1750721257917
1607611539387 1750722358917
1607620638387 1750732267917
1607621649387 1750733368917
1607630748387 1750743277917
1607631759387 1750744378917
1607640858387 1750754287917
1607641869387 1750755388917
1607648640387 1766630975217
1607650968387 1750765297917
1607651979387 1750766398917
1607658651387 1766641976217
1607668662387 1766652977217
1607678673387 1766663978217
1607688684387 1766674979217
1607701518387 1750820347917
1607702529387 1750821448917
1607710617387 1750830256917
1607711628387 1750831357917
1607712639387 1750832458917
1607720727387 1750841266917
1607721738387 1750842367917
1607722749387 1750843468917
1607730837387 1750852276917
1607731848387 1750853377917
1607732859387 1750854478917
1607740947387 1750863286917
1607741958387 1750864387917
1607742969387 1750865488917
1607748750387 1766740985217
1607758761387 1766751986217
1607768772387 1766762987217
1607778783387 1766773988217
1607788794387 1766784989217
1607802618387 1750930447917
1607803629387 1750931548917
1607811717387 1750940356917
1607812728387 1750941457917
1607813739387 1750942558917
1607820816387 1750950265917
1607821827387 1750951366917
1607822838387 1750952467917
1607823849387 1750953568917
1607830926387 1750961275917
1607831937387 1750962376917
1607832948387 1750963477917
1607833959387 1750964578917
1607848860387 1766850995217
1607858871387 1766861996217
1607868882387 1766872997217
1607878893387 1766883998217
1608420339387 1751603158917
1608430449387 1751614168917
1608440559387 1751625178917
1608450669387 1751636188917
1608460779387 1751647198917
1608510318387 1751701147917
1608511329387 1751702248917
1608520428387 1751712157917
1608521439387 1751713258917
1608530538387 1751723167917
1608531549387 1751724268917
1608540648387 1751734177917
1608541659387 1751735278917
1608550758387 1751745187917
1608551769387 1751746288917
1608560868387 1751756197917
1608561879387 1751757298917
1608601308387 1751800237917
1608602319387 1751801338917
1608610407387 1751810146917
1608611418387 1751811247917
1608612429387 1751812348917
1608620517387 1751821156917
1608621528387 1751822257917
1608622539387 1751823358917
1608630627387 1751832166917
1608631638387 1751833267917
1608632649387 1751834368917
1608640737387 1751843176917
1608641748387 1751844277917
1608642759387 1751845378917
1608650847387 1751854186917
1608651858387 1751855287917
1608652869387 1751856388917
1608660957387 1751865196917
1608661968387 1751866297917
1608662979387 1751867398917
1608702408387 1751910337917
1608703419387 1751911438917
1608711507387 1751920246917
1608712518387 1751921347917
1608713529387 1751922448917
1608720606387 1751930155917
1608721617387 1751931256917
1608722628387 1751932357917
1608723639387 1751933458917
1608730716387 1751941165917
1608731727387 1751942266917
1608732738387 1751943367917
1608733749387 1751944468917
1608740826387 1751952175917
1608741837387 1751953276917
1608742848387 1751954377917
1608743859387 1751955478917
1608750936387 1751963185917
1608751947387 1751964286917
1608752958387 1751965387917
1608753969387 1751966488917
1609125590387 1751094606917
1609340349387 1752605068917
1609350459387 1752616078917
1609360569387 1752627088917
1609370679387 1752638098917
1609430328387 1752703057917
1609431339387 1752704158917
1609440438387 1752714067917
1609441449387 1752715168917
1609450548387 1752725077917
1609451559387 1752726178917
1609460658387 1752736087917
1609461669387 1752737188917
1609470768387 1752747097917
1609471779387 1752748198917
1609520307387 1752801046917
1609521318387 1752802147917
1609522329387 1752803248917
1609530417387 1752812056917
1609531428387 1752813157917
1609532439387 1752814258917
1609540527387 1752823066917
1609541538387 1752824167917
1609542549387 1752825268917
1609550637387 1752834076917
1609551648387 1752835177917
1609552659387 1752836278917
1609560747387 1752845086917
1609561758387 1752846187917
1609562769387 1752847288917
1609570857387 1752856096917
1609571868387 1752857197917
1609572879387 1752858298917
1609612308387 1752901237917
1609613319387 1752902338917
1609621407387 1752911146917
1609622418387 1752912247917
1609623429387 1752913348917
1609630506387 1752921055917
1609631517387 1752922156917
1609632528387 1752923257917
1609633539387 1752924358917
1609640616387 1752932065917
1609641627387 1752933166917
1609642638387 1752934267917
1609643649387 1752935368917
1609650726387 1752943075917
1609651737387 1752944176917
1609652748387 1752945277917
1609653759387 1752946378917
1609660836387 1752954085917
1609661847387 1752955186917
1609662858387 1752956287917
1609663869387 1752957388917
1609670946387 1752965095917
1609671957387 1752966196917
1609672968387 1752967297917
1609673979387 1752968398917
1610725020687 1770011582517
1610735031687 1770022583517
1610745042687 1770033584517
1610755053687 1770044585517
1610765064687 1770055586517
1610775075687 1770066587517
1610785086687 1770077588517
1610795097687 1770088589517
1610825130687 1770121592517
1610835141687 1770132593517
1610845152687 1770143594517
1610855163687 1770154595517
1610865174687 1770165596517
1610875185687 1770176597517
1610885196687 1770187598517
1611626010687 1771001672517
1611636021687 1771012673517
1611646032687 1771023674517
1611656043687 1771034675517
1611666054687 1771045676517
1611676065687 1771056677517
1611686076687 1771067678517
1611696087687 1771078679517
1611726120687 1771111682517
1611736131687 1771122683517
1611746142687 1771133684517
1611756153687 1771144685517
1611766164687 1771155686517
1611776175687 1771166687517
1611786186687 1771177688517
1611796197687 1771188689517
1611826230687 1771221692517
1611836241687 1771232693517
1611846252687 1771243694517
1611856263687 1771254695517
1611866274687 1771265696517
1611876285687 1771276697517
1611886296687 1771287698517
1612537011687 1772002763517
1612547022687 1772013764517
1612557033687 1772024765517
1612567044687 1772035766517
1612577055687 1772046767517
1612587066687 1772057768517
1612597077687 1772068769517
1612627110687 1772101772517
1612637121687 1772112773517
1612647132687 1772123774517
1612657143687 1772134775517
1612667154687 1772145776517
1612677165687 1772156777517
1612687176687 1772167778517
1612697187687 1772178779517
1612727220687 1772211782517
1612737231687 1772222783517
1612747242687 1772233784517
1612757253687 1772244785517
1612767264687 1772255786517
1612777275687 1772266787517
1612787286687 1772277788517
1612797297687 1772288789517
1612827330687 1772321792517
1612837341687 1772332793517
1612847352687 1772343794517
1612857363687 1772354795517
1612867374687 1772365796517
1612877385687 1772376797517
1612887396687 1772387798517
1613448012687 1773003854517
1613458023687 1773014855517
1613468034687 1773025856517
1613478045687 1773036857517
1613488056687 1773047858517
1613498067687 1773058859517
1613538111687 1773102863517
1613548122687 1773113864517
1613558133687 1773124865517
1613568144687 1773135866517
1613578155687 1773146867517
1613588166687 1773157868517
1613598177687 1773168869517
1613628210687 1773201872517
1613638221687 1773212873517
1613648232687 1773223874517
1613658243687 1773234875517
1613668254687 1773245876517
1613678265687 1773256877517
1613688276687 1773267878517
1613698287687 1773278879517
1613728320687 1773311882517
1613738331687 1773322883517
1613748342687 1773333884517
1613758353687 1773344885517
1613768364687 1773355886517
1613778375687 1773366887517
1613788386687 1773377888517
1613798397687 1773388889517
1613828430687 1773421892517
1613838441687 1773432893517
1613848452687 1773443894517
1613858463687 1773454895517
1613868474687 1773465896517
1613878485687 1773476897517
1613888496687 1773487898517
1614359013687 1774004945517
1614369024687 1774015946517
1614379035687 1774026947517
1614389046687 1774037948517
1614399057687 1774048949517
1614449112687 1774103954517
1614459123687 1774114955517
1614469134687 1774125956517
1614479145687 1774136957517
1614489156687 1774147958517
1614499167687 1774158959517
1614539211687 1774202963517
1614549222687 1774213964517
1614559233687 1774224965517
1614569244687 1774235966517
1614579255687 1774246967517
1614589266687 1774257968517
1614599277687 1774268969517
1614629310687 1774301972517
1614639321687 1774312973517
1614649332687 1774323974517
1614659343687 1774334975517
1614669354687 1774345976517
1614679365687 1774356977517
1614689376687 1774367978517
1614699387687 1774378979517
1614729420687 1774411982517
1614739431687 1774422983517
1614749442687 1774433984517
1614759453687 1774444985517
1614769464687 1774455986517
1614779475687 1774466987517
1614789486687 1774477988517
1614799497687 1774488989517
1614829530687 1774521992517
1614839541687 1774532993517
1614849552687 1774543994517
1614859563687 1774554995517
1614869574687 1774565996517
1614879585687 1774576997517
1614889596687 1774587998517
1615171776687 1776687161517
1616951877687 1776886169517
1617858607687 1777706769517
1617970480687 1776391089517
1618768606687 1778706678517
1618869717687 1778817779517
1618880470687 1777390179517
1619678605687 1779706587517
1619779716687 1779817688517
1620016829987 1799836700117
1620089872987 1798279960117
1620098873987 1798289951117
1620179882987 1798379870117
1620188883987 1798389861117
1620197884987 1798399852117
1620269892987 1798479780117
1620278893987 1798489771117
1620287894987 1798499762117
1620628717987 1798717825117
1620729012987 1781004881817
1620739023987 1781015882817
1620749034987 1781026883817
1620759045987 1781037884817
1620769056987 1781048885817
1620779067987 1781059886817
1620819111987 1781103890817
1620829122987 1781114891817
1620839133987 1781125892817
1620849144987 1781136893817
1620859155987 1781147894817
1620869166987 1781158895817
1620879177987 1781169896817
1621079982987 1799378970117
1621088983987 1799388961117
1621097984987 1799398952117
1621169992987 1799478880117
1621178993987 1799488871117
1621187994987 1799498862117
1623516111987 1638275200287
1623615112987 1638375101287
1623714113987 1638475002287
1624506121987 1639274210287
1624605122987 1639374111287
1624704123987 1639474012287
1625860093987 1785053199817
1626207088987 1788972510817
1626770083987 1786052289817
1626786708987 1787516987817
1626861082987 1786152198817
1626871193987 1786163299817
1627680073987 1787051379817
1627696707987 1788516896817
1627771072987 1787151288817
1627781183987 1787162389817
1627797818987 1788627997817
1627818788987 1788988627817
1627862071987 1787251197817
1627872182987 1787262298817
1627882293987 1787273399817
1628590063987 1788050469817
1628681062987 1788150378817
1628691173987 1788161479817
1628772061987 1788250287817
1628781878987 1789886287817
1628782172987 1788261388817
1628792283987 1788272489817
1628863060987 1788350196817
1628873171987 1788361297817
1628883282987 1788372398817
1628893393987 1788383499817
1629692162987 1789260478817
1629783161987 1789360387817
1629793272987 1789371488817
1629874160987 1789460296817
1629884271987 1789471397817
1629894382987 1789482498817
1630783060287 1792053186117
1630793071287 1792064187117
1630883170287 1792163196117
1630893181287 1792174197117
1631171794287 1794287163117
1631684050287 1793043276117
1631694061287 1793054277117
1631784160287 1793153286117
1631794171287 1793164287117
1631884270287 1793263296117
1631894281287 1793274297117
1632585040287 1794033366117
1632595051287 1794044367117
1632685150287 1794143376117
1632695161287 1794154377117
1632785260287 1794253386117
1632795271287 1794264387117
1632885370287 1794363396117
1632895381287 1794374397117
1633486030287 1795023456117
1633496041287 1795034457117
1633586140287 1795133466117
1633596151287 1795144467117
1633686250287 1795243476117
1633696261287 1795254477117
1633786360287 1795353486117
1633796371287 1795364487117
1633886470287 1795463496117
1633896481287 1795474497117
1634387020287 1796013546117
1634397031287 1796024547117
1634487130287 1796123556117
1634497141287 1796134557117
1634587240287 1796233566117
1634597251287 1796244567117
1634687350287 1796343576117
1634697361287 1796354577117
1634787460287 1796453586117
1634797471287 1796464587117
1634887570287 1796563596117
1634897581287 1796574597117
1635216907287 1782546710817
1635288010287 1797003636117
1635298021287 1797014637117
1635307808287 1782645801817
1635388120287 1797113646117
1635398131287 1797124647117
1635488230287 1797223656117
1635498241287 1797234657117
1635588340287 1797333666117
1635598351287 1797344667117
1635688450287 1797443676117
1635698461287 1797454677117
1635788560287 1797553686117
1635798571287 1797564687117
1635888670287 1797663696117
1635898681287 1797674697117
1635910339287 1781540339817
1635920449287 1781551349817
1635930559287 1781562359817
1635940669287 1781573369817
1635950779287 1781584379817
1635960889287 1781595389817
1636125917287 1783537620817
1636199011287 1798004727117
1636216818287 1783636711817
1636289110287 1798103736117
1636299121287 1798114737117
1636307719287 1783735802817
1636389220287 1798213746117
1636399231287 1798224747117
1636489330287 1798323756117
1636499341287 1798334757117
1636589440287 1798433766117
1636599451287 1798444767117
1636689550287 1798543776117
1636699561287 1798554777117
1636789660287 1798653786117
1636799671287 1798664787117
1636810129287 1782520229817
1636820239287 1782531239817
1636830349287 1782542249817
1636840459287 1782553259817
1636850569287 1782564269817
1636860679287 1782575279817
1636870789287 1782586289817
1636880899287 1782597299817
1636889770287 1798763796117
1636899781287 1798774797117
1636911229287 1782630329817
1636920328287 1782640238817
1636921339287 1782641339817
1636930438287 1782651248817
1636931449287 1782652349817
1636940548287 1782662258817
1636941559287 1782663359817
1636950658287 1782673268817
1636951669287 1782674369817
1636960768287 1782684278817
1636961779287 1782685379817
1636970878287 1782695288817
1636971889287 1782696389817
1637034927287 1784528530817
1637125828287 1784627621817
1637216729287 1784726712817
1637720029287 1783511129817
1637730139287 1783522139817
1637740249287 1783533149817
1637750359287 1783544159817
1637760469287 1783555169817
1637770579287 1783566179817
1637780689287 1783577189817
1637790799287 1783588199817
1637811019287 1783610219817
1637820118287 1783620128817
1637821129287 1783621229817
1637830228287 1783631138817
1637831239287 1783632239817
1637840338287 1783642148817
1637841349287 1783643249817
1637850448287 1783653158817
1637851459287 1783654259817
1637860558287 1783664168817
1637861569287 1783665269817
1637870668287 1783675178817
1637871679287 1783676279817
1637880778287 1783686188817
1637881789287 1783687289817
1637890888287 1783697198817
1637891899287 1783698299817
1637912119287 1783720319817
1637921218287 1783730228817
1637922229287 1783731329817
1637930317287 1783740137817
1637931328287 1783741238817
1637932339287 1783742339817
1637940427287 1783751147817
1637941438287 1783752248817
1637942449287 1783753349817
1637950537287 1783762157817
1637951548287 1783763258817
1637952559287 1783764359817
1637960647287 1783773167817
1637961658287 1783774268817
1637962669287 1783775369817
1637970757287 1783784177817
1637971768287 1783785278817
1637972779287 1783786379817
1637980867287 1783795187817
1637981878287 1783796288817
1637982889287 1783797389817
1638034838287 1785618531817
1638125739287 1785717622817
1638640039287 1784513039817
1638650149287 1784524049817
1638660259287 1784535059817
1638670369287 1784546069817
1638680479287 1784557079817
1638690589287 1784568089817
1638730018287 1784611028817
1638731029287 1784612129817
1638740128287 1784622038817
1638741139287 1784623139817
1638750238287 1784633048817
1638751249287 1784634149817
1638760348287 1784644058817
1638761359287 1784645159817
1638770458287 1784655068817
1638771469287 1784656169817
1638780568287 1784666078817
1638781579287 1784667179817
1638790678287 1784677088817
1638791689287 1784678189817
1638821008287 1784710118817
1638822019287 1784711219817
1638830107287 1784720027817
1638831118287 1784721128817
1638832129287 1784722229817
1638840217287 1784731037817
1638841228287 1784732138817
1638842239287 1784733239817
1638850327287 1784742047817
1638851338287 1784743148817
1638852349287 1784744249817
1638860437287 1784753057817
1638861448287 1784754158817
1638862459287 1784755259817
1638870547287 1784764067817
1638871558287 1784765168817
1638872569287 1784766269817
1638880657287 1784775077817
1638881668287 1784776178817
1638882679287 1784777279817
1638890767287 1784786087817
1638891778287 1784787188817
1638892789287 1784788289817
1638913009287 1784810309817
1638922108287 1784820218817
1638923119287 1784821319817
1638931207287 1784830127817
1638932218287 1784831228817
1638933229287 1784832329817
1638940306287 1784840036817
1638941317287 1784841137817
1638942328287 1784842238817
1638943339287 1784843339817
1638950416287 1784851046817
1638951427287 1784852147817
1638952438287 1784853248817
1638953449287 1784854349817
1638960526287 1784862056817
1638961537287 1784863157817
1638962548287 1784864258817
1638963559287 1784865359817
1638970636287 1784873066817
1638971647287 1784874167817
1638972658287 1784875268817
1638973669287 1784876369817
1638980746287 1784884076817
1638981757287 1784885177817
1638982768287 1784886278817
1638983779287 1784887379817
1638990856287 1784895086817
1638991867287 1784896187817
1638992878287 1784897288817
1638993889287 1784898389817
1639034749287 1786708532817
1639651039287 1785614039817
1639661149287 1785625049817
1639671259287 1785636059817
1639681369287 1785647069817
1639691479287 1785658079817
1639741018287 1785712028817
1639742029287 1785713129817
1639751128287 1785723038817
1639752139287 1785724139817
1639761238287 1785734048817
1639762249287 1785735149817
1639771348287 1785745058817
1639772359287 1785746159817
1639781458287 1785756068817
1639782469287 1785757169817
1639791568287 1785767078817
1639792579287 1785768179817
1639832008287 1785811118817
1639833019287 1785812219817
1639841107287 1785821027817
1639842118287 1785822128817
1639843129287 1785823229817
1639851217287 1785832037817
1639852228287 1785833138817
1639853239287 1785834239817
1639861327287 1785843047817
1639862338287 1785844148817
1639863349287 1785845249817
1639871437287 1785854057817
1639872448287 1785855158817
1639873459287 1785856259817
1639881547287 1785865067817
1639882558287 1785866168817
1639883569287 1785867269817
1639891657287 1785876077817
1639892668287 1785877178817
1639893679287 1785878279817
1639924009287 1785911309817
1639933108287 1785921218817
1639934119287 1785922319817
1639942207287 1785931127817
1639943218287 1785932228817
1639944229287 1785933329817
1639951306287 1785941036817
1639952317287 1785942137817
1639953328287 1785943238817
1639954339287 1785944339817
1639961416287 1785952046817
1639962427287 1785953147817
1639963438287 1785954248817
1639964449287 1785955349817
1639971526287 1785963056817
1639972537287 1785964157817
1639973548287 1785965258817
1639974559287 1785966359817
1639981636287 1785974066817
1639982647287 1785975167817
1639983658287 1785976268817
1639984669287 1785977369817
1639991746287 1785985076817
1639992757287 1785986177817
1639993768287 1785987278817
1639994779287 1785988379817
1650565761887 1664056777187
1650675872887 1664167788187
1650785983887 1664278799187
1651556760887 1665055876187
1651666871887 1665166887187
1651776982887 1665277898187
1651871666887 1666887165187
1652216501887 1667236500187
1652315502887 1667336401187
1652414503887 1667436302187
1652513504887 1667536203187
1652612505887 1667636104187
1652657870887 1666165986187
1652711506887 1667736005187
1652767981887 1666276997187
1653206511887 1668235510187
1653305512887 1668335411187
1653404513887 1668435312187
1653503514887 1668535213187
1653602515887 1668635114187
1653701516887 1668735015187
1680284720787 1694018646087
1680394831787 1694129657087
1681385830787 1695128756087
1681495941787 1695239767087
1682486940787 1696238866087
1688252519787 1689635072787
1710071189717 1728880071017
1710097181717 1727180880017
1710187272717 1727271871017
1710189711717 1727118880017
1710277363717 1727362862017
1710367454717 1727453853017
1710457545717 1727544844017
1710511260717 1726061206017
1710547636717 1727635835017
1710610261717 1726161107017
1710637727717 1727726826017
1710727818717 1727817817017
1710817909717 1727908808017
1710898627717 1727817896017
1711088182717 1728181781017
1711178273717 1728272772017
1711189812717 1728128881017
1711268364717 1728363763017
1711358455717 1728454754017
1711448546717 1728545745017
1711501270717 1727060216017
1711538637717 1728636736017
1711600271717 1727160117017
1711628700717 1727017816017
1711628728717 1728727727017
1711718819717 1728818718017
1711728801717 1727118817017
1711828902717 1727219818017
1711899728717 1728828897017
1711998219717 1728912988017
1712079183717 1729182682017
1712169274717 1729273673017
1712189913717 1729138882017
1712259365717 1729364664017
1712349456717 1729455655017
1712439547717 1729546646017
1712529638717 1729637637017
1712619729717 1729728628017
1712629710717 1728027826017
1712729811717 1728128827017
1712829912717 1728229828017
1717000018717 1718700001717
1717000171717 1717170001717
1717000188717 1718870001717
1717001701717 1717017001717
1717001718717 1718717001717
1717001871717 1717187001717
1717001888717 1718887001717
1717017018717 1718701701717
1717017171717 1717171701717
1717017188717 1718871701717
1717018718717 1718718701717
1717018871717 1717188701717
1717018888717 1718888701717
1717170018717 1718700171717
1717170188717 1718870171717
1717171718717 1718717171717
1717171871717 1717187171717
1717171888717 1718887171717
1717187018717 1718701871717
1717187188717 1718871871717
1717188718717 1718718871717
1717188888717 1718888871717
1718700188717 1718870018717
1718701718717 1718717018717
1718701888717 1718887018717
1718717188717 1718871718717
1718718888717 1718888718717
1718871888717 1718887188717
1751196695917 1768690974217
1751286786917 1768781965217
1751376877917 1768872956217
1751466968917 1768963947217
1752187696917 1769691875217
1752277787917 1769782866217
1752367878917 1769873857217
1752457969917 1769964848217
1780196988817 1797980977117
1781097898817 1798890887117
1781187989817 1798981878117
1782088899817 1799891788117
1800587284847 1818574970147
1800677375847 1818665961147
1800714041847 1817084004147
1800767466847 1818756952147
1800857557847 1818847943147
1800947648847 1818938934147
1801488194847 1819484880147
1801578285847 1819575871147
1801668376847 1819666862147
1801704051847 1818083014147
1801758467847 1819757853147
1801848558847 1819848844147
1801938649847 1819939835147
1830398396747 1848683892047
1830404441747 1847044314047
1830488487747 1848774883047
1830503442747 1847144215047
1830578578747 1848865874047
1830602443747 1847244116047
1830668669747 1848956865047
1830701444747 1847344017047
1831389397747 1849684793047
1831479488747 1849775784047
1831569579747 1849866775047
1871014651947 1888023704247
1871113652947 1888123605247
1871212653947 1888223506247
1871311654947 1888323407247
1871410655947 1888423308247
1872004661947 1889022714247
1872103662947 1889122615247
1872202663947 1889222516247
1872301664947 1889322417247
1872400665947 1889422318247
1910717022977 1928087002277
1911707032977 1929086012277
1940407422877 1958047312177
1940506423877 1958147213177
1940605424877 1958247114177
1940704425877 1958347015177
1950037697177 1951987520177
1970987670777 1987097677077
3026930299269 3029926930269
3030169658969 3040068896669
3030385252969 3252589630309
3032270342969 3254694500309
3032300090969 3230300096909
3032540272969 3254984230309
3032782034969 3052986410369
3032883157969 3053997640369
3033159471969 3243228993609
3033230909969 3233030969909
3033274051969 3244687300609
3034044609969 3268596603009
3034386284969 3245799533609
3035332390969 3233530396909
3037165713969 3065594823069
3038086643969 3065686916069
3038223618969 3047160279669
3038364690969 3236760696909
3038389296969 3238989636909
3038734317969 3057976116369
3039090323969 3239690303909
3039099666969 3066699939069
3039440304969 3058690203369
3039746617969 3057986239369
3040228404669 3264448620009
3040734981669 3262956783009
3040903212669 3242963010609
3040913315669 3243973310609
3040923418669 3244983610609
3041248607669 3265468823009
3041913512669 3242973113609
3041923615669 3243983413609
3041933718669 3244993713609
3042923812669 3242983216609
3042933915669 3243993516609
3042985345669 3043895452669
3043208427669 3267648423009
3044154609669 3258486603309
3045167295669 3245327679609
3045397391669 3234788426909
3045486117669 3055597215369
3046273711669 3055473802369
3046365804669 3056394732369
3046943058669 3048947412669
3047286734669 3056486825369
3047370159669 3067794315069
3047463089669 3067887245069
3047733177669 3058866252369
3047854128669 3048856305669
3047955358669 3048957535669
3048149472669 3248505876609
3048179595669 3248537979609
3048290166669 3066874308069
3048299757669 3057499848369
3048383096669 3066967238069
3048392389669 3067896538069
3048429075669 3249927246609
3048529272669 3248925276609
3050328414369 3254348610309
3050900274369 3254960070309
3050910477369 3255980370309
3051348617369 3255368813309
3051504811369 3253300873309
3051920574369 3254970273309
3051930777369 3255990573309
3052096827369 3256098843309
3052550291369 3252532079309
3052930671369 3253960176309
3052940874369 3254980476309
3053318337369 3257538513309
3053950971369 3253970379309
3054264609369 3248376603609
3054708258369 3236704656909
3055270361369 3255430349309
3055572591369 3255752379309
3056280518369 3238262156909
3056409357369 3259717446309
3056560007369 3057480014369
3056582818369 3238582456909
3057073626369 3249133566609
3058292661369 3258650649309
3058594891369 3258972679309
3060083073069 3263169006009
3060092346069 3264096306009
3060185076069 3264189036009
3060400266069 3266460060009
3060410569069 3267490360009
3060428424069 3244248600609
3060503296069 3266563090009
3060513599069 3267593390009
3061420263069 3265440063009
3061430566069 3266470363009
3061448627069 3245268803609
3061523293069 3265543093009
3061533596069 3266573393009
3062339973069 3266337993009
3062346090069 3264306096009
3062369696069 3266369696009
3062407044069 3246407400609
3062440260069 3264420066009
3062450563069 3265450366009
3062460866069 3266480666009
3062543290069 3264523096009
3062553593069 3265553396009
3062563896069 3266583696009
3063082138069 3257086006309
3063428247069 3247428603609
3063470560069 3264430369009
3063480863069 3265460669009
3063573590069 3264533399009
3063583893069 3265563699009
3064130805069 3259040460309
3064374609069 3238266603909
3064605722069 3257500763309
3065078183069 3267218369009
3065348390069 3267506396009
3065745417069 3247541439609
3068100693069 3069306810069
3069010233069 3069102303069
3069020463069 3069204603069
3069030693069 3069306903069
3069113463069 3069205533069
3069122763069 3069214833069
3069123693069 3069307833069
3069216693069 3069308763069
3070045502769 3181002864339
3070248572769 3171219774639
3070774442769 3171877314639
3071055215769 3182012577339
3071078345769 3194487561039
3071258385769 3172229587639
3071273415769 3184494511339
3071654125769 3174685121639
3071849068769 3175799081639
3071896685769 3172999557639
3072312428769 3164111547939
3072442932769 3184753921339
3072573142769 3173766104639
3072582425769 3174694404639
3072675255769 3174787234639
3073028145769 3196557151039
3073077662769 3183317967339
3073169545769 3184236797339
3073223015769 3186554001339
3073594272769 3173868217639
3073696385769 3174889347639
3074059358769 3197588364039
3074239572769 3175308784639
3074254328769 3187585314339
3074269685769 3175339887639
3074510662769 3186931541339
3074520975769 3187962841339
3074739788769 3166638897939
3074795362769 3164876237939
3075416125769 3176403167639
3075541962769 3186941854339
3076270628769 3168160557939
3076417992769 3188836891339
3076571928769 3168470857939
3076930799769 3079976930769
3077527085769 3179828154639
3077628272769 3178816284639
3080041661469 3171006705639
3081051374469 3172016418639
3081277454469 3184288452339
3081337944469 3174046972639
3081451454469 3182422458339
3081473514469 3174294412639
3081573584469 3184594482339
3081723371469 3182703285339
3081753584469 3182734488339
3081855214469 3164484032939
3082256774469 3174138855639
3082348657469 3175057685639
3082774231469 3163565015939
3082783514469 3164493315939
3082876344469 3164586145939
3083237154469 3186348142339
3083267487469 3175149568639
3083433014469 3176344002639
3083795361469 3163667128939
3083897474469 3164688258939
3084170624469 3185230728339
3084238754469 3187348752339
3084268367469 3187379355339
3084442541469 3185511555339
3084464327469 3177375315639
3084472754469 3185542758339
3084514057469 3167305235939
3084534884469 3187654782339
3084564497469 3187685385339
3084744671469 3185823585339
3084774884469 3185854788339
3084832944469 3177650872639
3085308284469 3188519262339
3085887287469 3177787188639
3086227067469 3189438045339
3086229401469 3197402385039
3086329154469 3188417175339
3087463841469 3188631855339
3087765971469 3188943885339
3090446350169 3173059130639
3090643300169 3163064000939
3091476563169 3174089343639
3091673613169 3164094313939
3093381029169 3186192009339
3093446163169 3176139133639
3093643013169 3166134003939
3094213620169 3187002640339
3094674326169 3167165316939
3095444816169 3188242926339
3096618980169 3189507990339
3100292906739 3200194933809
3100816639739 3210617958509
3100915569739 3210716888509
3101261660739 3210162772509
3101287143739 3222168671209
3101571783739 3210483785509
3102128180739 3201217570809
3102309089739 3201309379809
3102387166739 3223268694209
3102570813739 3222593804209
3102806036739 3224929321209
3103085906739 3203077933809
3103119173739 3202208563809
3103395929739 3203397946809
3104157709739 3214048938509
3104278253739 3214379542509
3105044660739 3214043782509
3106036553739 3215035675509
3106095516739 3217198532509
3106505089739 3229939431209
3106604296739 3228947361209
3107028446739 3216027568509
3107097446739 3217298725509
3107269143739 3206568413809
3107706596739 3228958384209
3108090320739 3207390310809
3108091313739 3208383310809
3108092306739 3209376310809
3108099376739 3217398918509
3108161966739 3207262696809
3108190613739 3208393240809
3108191606739 3209386240809
3108290906739 3209396170809
3109083320739 3207391303809
3109084313739 3208384303809
3109085306739 3209377303809
3109093250739 3207490603809
3109094243739 3208483603809
3109095236739 3209476603809
3109122623739 3217150258509
3109167976739 3218276988509
3109183613739 3208394233809
3109184606739 3209387233809
3109193543739 3208493533809
3109194536739 3209486533809
3109283906739 3209397163809
3109293836739 3209496463809
3109407553739 3217445088509
3110274074439 3220155385209
3110392451439 3220394542209
3110607627439 3210516836509
3110672381439 3220684372209
3110837074439 3221848272209
3110915857439 3210834966509
3111947297439 3222958495209
3112177371439 3211278443509
3112510751439 3221420575209
3112571904439 3212592713509
3112681927439 3213692943509
3112821974439 3221742688209
3113191751439 3223292842209
3113277394439 3212378466509
3113471681439 3223582672209
3113808134439 3213927223509
3115135087439 3214225269509
3115179371439 3203478424809
3115415194439 3214514286509
3115419681439 3225528692209
3116270981439 3226480972209
3117224507439 3228445405209
3117615171439 3216823163509
3117626194439 3217925463509
3118050527439 3208222354809
3118216264439 3217404456509
3118247387439 3217436569509
3118508034439 3217716026509
3118519057439 3218818326509
3118527494439 3217725586509
3118618264439 3217826256509
3118629287439 3218928556509
3118717471439 3216834186509
3118728494439 3217936486509
3120181922139 3221082850209
3120220508139 3210140407509
3120251738139 3210172537509
3120532808139 3210461707509
3120560915139 3210490624509
3121828282139 3210857064509
3121911775139 3221830686209
3123031208139 3213032107509
3123062438139 3213064237509
3123090545139 3213093154509
3123093668139 3213096367509
3123343508139 3213353407509
3123371615139 3213382324509
3123374738139 3213385537509
3123507275139 3223506376209
3123538198139 3223538289209
3123655808139 3213674707509
3125238708139 3226338806209
3125450182139 3224550066209
3126129582139 3226308863209
3126154208139 3216245107509
3126182315139 3216274024509
3126185438139 3216277237509
3126466508139 3216566407509
3126494615139 3216595324509
3126497738139 3216598537509
3126778808139 3216887707509
3127244408139 3218425504509
3127809768139 3227917769209
3127909875139 3226916699209
3128048638139 3229239636209
3128291475139 3227481449209
3128572482139 3227771366209
3128648092139 3206903565809
3129277208139 3219458107509
3129589508139 3219779407509
3160066320939 3190636620039
3160159050939 3190729350039
3160168323939 3191656650039
3161086350939 3190738623039
3161095623939 3191665923039
3161188353939 3191758653039
3161197626939 3192685953039
3161478437939 3183696671339
3162013300939 3192613300039
3163043603939 3193643603039
3164073906939 3194673906039
3164465235939 3175585242639
3164522725939 3173612638639
3165104979939 3197978613039
3165206976939 3196958643039
3165308973939 3195938673039
3166113616939 3196743316039
3166124949939 3197876616039
3166215613939 3195723346039
3166226946939 3196856646039
3166317610939 3194703376039
3166328943939 3195836676039
3167144919939 3197774619039
3167246916939 3196754649039
3167348913939 3195734679039
3167716521939 3185914167339
3170256420639 3180446520339
3170349150639 3180539250339
3170358423639 3181466550339
3171276450639 3180548523339
3171285723639 3181475823339
3171378453639 3181568553339
3171387726639 3182495853339
3172213300639 3182413300339
3172612196639 3184954160339
3172622499639 3185984460339
3173038632639 3193436652039
3173243603639 3183443603339
3173632193639 3183934163339
3173642496639 3184964463339
3173652799639 3185994763339
3174068835639 3194466855039
3174125910639 3184131870339
3174273906639 3184473906339
3174652190639 3182914166339
3174662493639 3183944466339
3174672796639 3184974766339
3175136613639 3185142573339
3175303546639 3186635413339
3175314879639 3187768713339
3175405543639 3185615443339
3175416876639 3186748743339
3175518873639 3185728773339
3175682490639 3182924469339
3175692793639 3183954769339
3176118645639 3196536465039
3176147316639 3186153276339
3176323516639 3186533416339
3176334849639 3187666716339
3176425513639 3185513446339
3176436846639 3186646746339
3176538843639 3185626776339
3177074736639 3187283736339
3177149848639 3197567668039
3177354819639 3187564719339
3177456816639 3186544749339
3177558813639 3185524779339
3179197856639 3188385959339
3179403429639 3189623229339
3183009001339 3193003081039
3183009104339 3194033081039
3183009207339 3195063081039
3183019301339 3193013381039
3183019404339 3194043381039
3183019507339 3195073381039
3183029601339 3193023681039
3183029704339 3194053681039
3183029807339 3195083681039
3183039901339 3193033981039
3184039001339 3193003184039
3184039104339 3194033184039
3184039207339 3195063184039
3184049301339 3193013484039
3184049404339 3194043484039
3184049507339 3195073484039
3184059601339 3193023784039
3184059704339 3194053784039
3184059807339 3195083784039
3185069001339 3193003287039
3185069104339 3194033287039
3185069207339 3195063287039
3185079301339 3193013587039
3185079404339 3194043587039
3185079507339 3195073587039
3185089601339 3193023887039
3185089704339 3194053887039
3185089807339 3195083887039
3205157311809 3216068230509
3206508664809 3216329296509
3206669295809 3207749682809
3209068334809 3219086606509
3210728224509 3221719333209
3211838437509 3222829546209
3213168147509 3224057286209
3217131631509 3227150623209
3217420624509 3227440516209
3217542967509 3228663946209
3233095626909 3265393926009
3233185717909 3265484917009
3233275808909 3265575908009
3234086627909 3266394827009
3234176718909 3266485818009
3234266809909 3266576809009
3235077628909 3267395728009
3235167719909 3267486719009
3236068629909 3268396629009
3423497549949 3457697945049
3513198455919 3548294954019
3513288546919 3548385945019
3513378637919 3548476936019
3513468728919 3548567927019
3513558819919 3548658918019
3514189456919 3549295855019
3514279547919 3549386846019
3514369638919 3549477837019
3514459729919 3549568828019
3689036893689 3689368903689
3742233740959 3776253704059
3742332741959 3776353605059
3742431742959 3776453506059
3742530743959 3776553407059
3743223750959 3777252714059
3743322751959 3777352615059
3743421752959 3777452516059
3743520753959 3777552417059
3744213760959 3778251724059
3744312761959 3778351625059
3744411762959 3778451526059
3744510763959 3778551427059
3745203770959 3779250734059
3745302771959 3779350635059
3745401772959 3779450536059
3745500773959 3779550437059
3829038293829 3829382903829
3851131870929 3886141807029
3851230871929 3886241708029
3852121880929 3887140817029
3852220881929 3887240718029
3930339600999 3966069600099
3930438601999 3966169501099
3930537602999 3966269402099
3930636603999 3966369303099
3930735604999 3966469204099
3930767636999 3967679633099
3930834605999 3966569105099
3930898669999 3968989963099
3930933606999 3966669006099
3930963690999 3963093699099
3931329610999 3967068610099
3931428611999 3967168511099
3931527612999 3967268412099
3931626613999 3967368313099
3931725614999 3967468214099
3931824615999 3967568115099
3931923616999 3967668016099
3932319620999 3968067620099
3932418621999 3968167521099
3932443023999 3957463200399
3932517622999 3968267422099
3932574156999 3958774530399
3932616623999 3968367323099
3932715624999 3968467224099
3932814625999 3968567125099
3932913626999 3968667026099
3933309630999 3969066630099
3933408631999 3969166531099
3933507632999 3969266432099
3933606633999 3969366333099
3933623220999 3956283003399
3933705634999 3969466234099
3933754353999 3957594333399
3933804635999 3969566135099
3933903636999 3969666036099
3935691186999 3949982460699
3937811386999 3948440299699
3940258306699 3966438520099
3941342460699 3952051563399
3941368206699 3955637700399
3941673693699 3952383696399
3941732733699 3965556153099
3941746406699 3954837503399
3942249600699 3954159600399
3942547503699 3954458403399
3942678536699 3955768733399
3942830560699 3964250386099
3942845406699 3954757206399
3942935936699 3966759356099
3943238309699 3969438323099
3943726800699 3953279106399
3943857833699 3954589436399
3943988866699 3955899766399
3944363013699 3945543210699
3944494146699 3946854540699
3944654790699 3955372893399
3944727309699 3957828306399
3944900496699 3968960256099
3945228630699 3957147630399
3945526533699 3957446433399
3945824436699 3957745236399
3950489443399 3951667840399
3960310363099 3961630330099
3960323696099 3962963630099
3960443693099 3961763660099
3960642309099 3961830606099
3960762339099 3961950636099
3961523666099 3962843633099
3961656996099 3962976963099
3962603639099 3963923606099